1e-18 4.88092248148 0.242560218832 1.13437463861 0.065009342903 1.01067114955 0.0070561668633 -0.698311701533 0.635486268744 -0.930387097042 0.619937044493 -2.4284989816118452e-05 0.0006119216470910234 -0.0012630168370243115 0.00029667807935127277 -0.00031316867734404826 -0.032976886535553064 -428.469247358 22.8580302398 -7.58645721169 429.14559279 28.2504036349 24.6070564767 27.0904524357 2355.8737396503716 2.092895730205582e-14
1.778e-18 4.9060351614 0.186573099363 1.14597026623 0.0549042414444 1.01098153453 0.00580655433056 -0.636180880653 0.490423671704 -1.14661618637 0.478009458476 -2.5856745856584954e-05 0.0004313364433746639 -8.961403912469987e-05 0.00016458279596686 -0.00020543885298444567 -0.01947615688978668 -428.301696982 24.475455846 -7.17216320919 429.060405423 28.0890776648 24.2351723643 26.8659396985 2025.2457751232432 2.1537906027888565e-14
3.16e-18 4.93104049466 0.144966494805 1.16002926926 0.048741199056 1.0113143535 0.00500041278657 -0.597609630865 0.384518920275 -1.27283603886 0.374630465421 -2.7622695972585157e-05 0.00038578865322479416 0.00035765326629580625 9.561140341644385e-05 -0.00015944037623339815 -0.01181450727528648 -428.162915737 25.3895024049 -6.93792918178 428.971146006 27.9036039162 23.7143438307 26.5806466334 1662.6163052726056 2.2578684672927177e-14
5.62e-18 4.95458058136 0.113828232247 1.17746177929 0.0456788093051 1.0116118819 0.00453947881587 -0.572136793413 0.308733712102 -1.35153027917 0.300873366725 -3.0275855777973216e-05 0.0003783423166502925 0.0005579205792038078 5.815993892430195e-05 -0.00014025416954767744 -0.00739877279341577 -428.036164599 25.9297484854 -6.80410594082 428.874813808 27.6908114507 23.0880672338 26.2464024594 1294.0217269228733 2.4196697922148597e-14
1e-17 4.97268690579 0.0904344524048 1.19733929498 0.0450797562547 1.01169417322 0.00435369393446 -0.555300281216 0.256751321893 -1.40112465272 0.250566032888 -3.423327345027991e-05 0.00038551616065628295 0.0006776422605317519 3.7450920592156877e-05 -0.00013562616494517624 -0.004837065305051898 -427.922396086 26.2595917623 -6.73124528932 428.780191817 27.4633364328 22.4483639322 25.8997988363 976.8243404521121 2.6267691931324553e-14
1.778e-17 4.98359764057 0.0730132668193 1.21740998757 0.0465685432786 1.01142157705 0.00439922860453 -0.544595718627 0.224358011497 -1.42939495109 0.219584744869 -4.002545914550356e-05 0.0004062782675595329 0.0007858525362222663 2.6066258643935378e-05 -0.00014231881508035738 -0.0033794627960390886 -427.829012506 26.4629985324 -6.69597721863 428.698950715 27.2389076226 21.8941684464 25.5817043276 746.7319824474491 2.8381772206159575e-14
3.16e-17 4.98877665103 0.0603389733808 1.23538613606 0.0501638030829 1.01085616291 0.00466646176659 -0.537731108127 0.208894794382 -1.44178124705 0.205338945139 -4.88840542645276e-05 0.0004469704808916074 0.0009257193425004593 2.0076819880132348e-05 -0.00016213710354866698 -0.00261520604019658 -427.760066621 26.5878790536 -6.68237905318 428.637660615 27.0245577611 21.481518213 25.3121121804 600.6052524933675 3.015195929519559e-14
5.62e-17 4.99074082397 0.0514599507073 1.25015212233 0.0563579836731 1.0102163924 0.00518992904355 -0.532590560149 0.209114134764 -1.44399555339 0.206700719889 -6.351813401777652e-05 0.0005172187487492542 0.0011418503911502628 1.7386917170662757e-05 -0.000201688281821946 -0.0023344848879318495 -427.713697598 26.6641645283 -6.68071144736 428.596099712 26.8100604838 21.2149827349 25.0840864476 515.4746731508652 3.147167779348842e-14
1e-16 4.99132465795 0.0455306445074 1.26206432377 0.0660615885945 1.00967535113 0.00604509137769 -0.527841168104 0.225001305492 -1.44063335127 0.223886085445 -8.907905026518517e-05 0.0006297792363562828 0.0014959290761293745 1.6899553212241538e-05 -0.0002741834109083636 -0.0024661658340175583 -427.684554754 26.7111512738 -6.68612206905 428.57002719 26.5766856778 21.0683040985 24.8764539328 468.2884437091678 3.246177976279546e-14
1.778e-16 4.99142920522 0.0417569916731 1.27214333386 0.0804918489803 1.00928910263 0.0073371218352 -0.523152995301 0.257650672097 -1.43483505844 0.258356487338 -0.00013469987389152276 0.0008037813530766175 0.0020856251051529543 1.8174348161444484e-05 -0.0004033455847076778 -0.0030527884175177915 -427.666917436 26.7410242026 -6.69608650385 428.554444872 26.314707538 21.0063016787 24.6724703252 442.9507737176529 3.3293881464389166e-14
3.16e-16 4.99139297928 0.0394425751659 1.281201599 0.101214475714 1.00902821818 0.00920246752358 -0.518987209127 0.309570789496 -1.42853346972 0.313101396155 -0.000216728991587982 0.0010760555990715185 0.0030845402779604582 2.1431021528766642e-05 -0.0006314424495138974 -0.004258709564416253 -427.656350108 26.7610015606 -6.70856881377 428.545341694 26.0337371371 20.9966220058 24.4701796363 429.77488873845806 3.407449363973287e-14
5.62e-16 4.99132143165 0.0380597941776 1.28932972047 0.130253727586 1.00886765749 0.0118208646706 -0.515874195147 0.385199129677 -1.42346024954 0.393058997501 -0.0003644684712509536 0.0015233063423046335 0.004814083077530061 2.7782918228977428e-05 -0.0010342809544038477 -0.006429057040513279 -427.650004658 26.7748822999 -6.72140481838 428.540077576 25.7605862526 21.0136390695 24.2816023297 423.2655598588525 3.4820056984320916e-14
1e-15 4.99124774151 0.0372500937726 1.29622741056 0.170209286571 1.00875894944 0.0154234282948 -0.514057469794 0.491161756475 -1.41986492953 0.505262386167 -0.0006300792886494471 0.0022957784867626463 0.007867314046220349 3.9732968752545276e-05 -0.001746738654071809 -0.010217766522867534 -427.646194273 26.7845304705 -6.73267983784 428.537055022 25.5254299982 21.0391598422 24.1228895453 420.2800411269275 3.5476284991705794e-14
1e-17 4.97268690579 0.0904344524048 1.19733929498 0.0450797562547 1.01169417322 0.00435369393446 -0.555300281216 0.256751321893 -1.40112465272 0.250566032888 -3.423327345027991e-05 0.00038551616065628295 0.0006776422605317519 3.7450920592156877e-05 -0.00013562616494517624 -0.004837065305051898 -427.922396086 26.2595917623 -6.73124528932 428.780191817 27.4633364328 22.4483639322 25.8997988363 976.8243404521121 2.6267691931324553e-14
