1e-18 4.84320983738 0.220044726434 1.12804792617 0.0595539436722 1.0085946889 0.0068523540605 -0.519627309694 0.619797662461 -1.12280686925 0.598289515237 -2.4406518785689493e-05 0.0001189210580491618 8.100379831006257e-05 0.00019167125357236124 -0.00031757082102620995 -0.03643460727919078 -435.770613432 22.4090907219 -5.6653253756 436.383192607 28.3236893246 26.65427988 27.7783692216 2121.370302583544 1.6668232129780635e-14
1.778e-18 4.86019969728 0.169828612961 1.13732196578 0.0506268600326 1.00867979484 0.00567227392608 -0.516053459165 0.478351421463 -1.1984099154 0.461989454199 -2.572084516971739e-05 0.00015146075083846366 0.0004300407898479234 0.00011265308535979662 -0.0002138476563111335 -0.021319747295543846 -435.726924219 22.9965537402 -5.64450617804 436.369859664 28.176041297 26.2140150068 27.5375694226 1861.8039040127826 1.6841817452243473e-14
3.16e-18 4.87921353517 0.132691305292 1.14966839328 0.0453510193013 1.0088083693 0.00492169739003 -0.511059731261 0.375790683925 -1.2476706665 0.363219965882 -2.7503935123950453e-05 0.00017531949309597506 0.000578503150556713 6.810493282024705e-05 -0.00016026015550461105 -0.012702122663001886 -435.698475746 23.3681917154 -5.61169877351 436.360774262 27.9911269023 25.6264845206 27.225741982 1551.1235061761088 1.726684761193662e-14
5.62e-18 4.89679047052 0.105099326083 1.16455104694 0.0429710973286 1.00898091505 0.00451157840991 -0.505015051458 0.303176018044 -1.28450366088 0.293309561951 -3.02382007514527e-05 0.00019780300928210384 0.0006681566964408434 4.2566504889862915e-05 -0.00013460630689758325 -0.007766501728202935 -435.679397546 23.6238445491 -5.56856887682 436.354938595 27.7840367605 24.9448598558 26.8709969462 1233.8072777217108 1.8047086985433592e-14
1e-17 4.90936122471 0.0846277631355 1.18025578873 0.0429893965718 1.00911253887 0.00438308880803 -0.498818520827 0.254528698808 -1.31360117225 0.24647654043 -3.452224806155199e-05 0.0002247773009992245 0.0007578685764725809 2.793390840184267e-05 -0.00012682582875825121 -0.0049380794346282515 -435.666894972 23.8071273778 -5.5218437962 436.351823014 27.5843735983 24.270594216 26.5258180975 964.2245954886207 1.9124486728709556e-14
1.778e-17 4.91609173925 0.0696886914787 1.19450691941 0.0452149269829 1.00912106819 0.00450916185606 -0.493517485845 0.22610559805 -1.33534758676 0.219117529109 -4.135603467064044e-05 0.0002639505613528185 0.0008863484080192871 1.9820793415328822e-05 -0.00013371275613361156 -0.0033315276213160246 -435.659056249 23.9354299629 -5.4802830374 436.350491694 27.4224282151 23.7014805959 26.2408036009 771.0278576068408 2.0260298828372405e-14
3.16e-17 4.91871484198 0.059123149004 1.20563612662 0.0498484835895 1.00902114027 0.00490085810646 -0.489704326016 0.21583272333 -1.35039843815 0.209228999005 -5.270621482451385e-05 0.0003274732735337027 0.0010978743188176216 1.576670491357149e-05 -0.00015746680968482782 -0.0024438916152114787 -435.654279841 24.0203301534 -5.44897309729 436.349996119 27.314811658 23.2798841975 26.039398867 648.4928352728829 2.1215492272040615e-14
5.62e-17 4.91933982478 0.0519663988553 1.21316791748 0.0574980655452 1.00888222499 0.00561072068992 -0.487407121673 0.223224702797 -1.36057245915 0.2162960602 -7.237977291333722e-05 0.00043454234546201745 0.0014592016591558014 1.4470567896070939e-05 -0.00020651977391749756 -0.0020020132144018534 -435.651450088 24.0733469183 -5.4281420454 436.349832957 27.2636298303 22.9945766707 25.9188578665 576.0228933298446 2.189127459889667e-14
1e-16 4.91927276323 0.0473504316626 1.21748145939 0.0690749609993 1.00876814979 0.00672614865353 -0.486424777429 0.249303115494 -1.36818178724 0.241183135886 -0.00010731196823737534 0.0006149058084830796 0.0020763055422273985 1.5471540963991997e-05 -0.00029855883534508774 -0.001885720969652981 -435.649879858 24.104758481 -5.41554473687 436.349842817 27.2641155693 22.8104791887 25.8649180447 534.5238282591216 2.2309387594600296e-14
1.778e-16 4.91907103413 0.0445047162299 1.21933895784 0.0857170278556 1.00870088123 0.00836226425077 -0.486491899177 0.296513365742 -1.37490288312 0.286034312619 -0.00016987189751343243 0.0009138271506279407 0.0031180218746987634 1.8981178066612016e-05 -0.0004666899587429095 -0.002105070815315163 -435.649126788 24.1224518297 -5.40858661842 436.349982425 27.3081015283 22.6920372701 25.8611250956 510.9662033919672 2.2538275231173078e-14
3.16e-16 4.9189032772 0.0428057337009 1.21959249643 0.108926696941 1.00866809228 0.0106719750089 -0.487298653327 0.369057506122 -1.38134960191 0.354620722098 -0.0002823137228794831 0.0014041922690422033 0.0048685046046227235 2.593421512935674e-05 -0.0007716453703471434 -0.00282647019655718 -435.648879713 24.131896712 -5.40514951569 436.350215396 27.3827191226 22.6131973212 25.8906888423 497.49283655501233 2.2647181728854515e-14
5.62e-16 4.91879365652 0.0418125996958 1.21896672248 0.140778029992 1.00866827205 0.0138632497283 -0.488538761251 0.473321770988 -1.38765582211 0.452859924883 -0.00048432811293829187 0.0022148082100227695 0.007834631721096144 3.841852807984351e-05 -0.001323332316137471 -0.004439494718189847 -435.648908593 24.1366274868 -5.40372022422 436.350488183 27.4698215865 22.558870275 25.9363633025 489.6966133912695 2.2692213633859874e-14
1e-15 4.91872843685 0.0412410548654 1.21809168037 0.184076016795 1.00867959891 0.0182100955378 -0.48981951228 0.618027192655 -1.39307674052 0.58902943705 -0.0008461889172159197 0.003583792491097697 0.012943769854426777 6.0374658792240244e-05 -0.0023160342264466295 -0.007655091932708417 -435.649043662 24.13885135 -5.40328822127 436.350740702 27.5502215258 22.5216079818 25.9823801728 485.1667176612518 2.2708336733766284e-14
1e-17 4.90936122471 0.0846277631355 1.18025578873 0.0429893965718 1.00911253887 0.00438308880803 -0.498818520827 0.254528698808 -1.31360117225 0.24647654043 -3.452224806155199e-05 0.0002247773009992245 0.0007578685764725809 2.793390840184267e-05 -0.00012682582875825121 -0.0049380794346282515 -435.666894972 23.8071273778 -5.5218437962 436.351823014 27.5843735983 24.270594216 26.5258180975 964.2245954886207 1.9124486728709556e-14
