1e-18 5.07272578329 0.233215551256 1.14921358606 0.0611274737755 1.00864729356 0.0070492831845 -0.483815329551 0.635812918049 -1.33076925617 0.616677007059 -2.4574812799657947e-05 0.00012118250294930602 0.0007884837605411784 0.0002689257114965849 -0.0003493134096998989 -0.03882268212417885 -433.739439844 22.963138805 -7.04116447163 434.403942681 27.5280482517 27.4990145173 27.5183737438 2513.7084574150454 2.173602632830807e-14
1.778e-18 5.09788148544 0.18045277806 1.16049464751 0.0520400657523 1.00878667817 0.00583434833104 -0.483154003978 0.489450119629 -1.29243384021 0.475132254753 -2.6115643108376838e-05 0.00014764397778315092 0.000679048934259558 0.00016202358697128475 -0.0002355828103825571 -0.022695498718042034 -433.751745277 22.6865521076 -7.04729693021 434.401796234 27.4140875489 26.9322042531 27.2544064829 2144.0548199516847 2.200913709027135e-14
3.16e-18 5.12593457259 0.141217340602 1.1755470442 0.0466820561765 1.00908021462 0.00505684892106 -0.479196320096 0.382935058633 -1.28183636575 0.372291900947 -2.815013118957808e-05 0.00016700771126832955 0.0006775098568691176 0.00010030588271820242 -0.00017228712333905772 -0.013568197632363306 -433.748891603 22.6043300362 -7.03162668758 434.39440659 27.2626246629 26.2058049029 26.9149624907 1715.420681473502 2.2655096762286962e-14
5.62e-18 5.15122628433 0.111744542032 1.19331714819 0.0442373405044 1.00949801411 0.00462084445808 -0.473221872049 0.30685176103 -1.28818263953 0.299066486386 -3.104568881582927e-05 0.00018639065473594738 0.0007168568361428436 6.471803799227018e-05 -0.0001397869525884273 -0.008349536075149176 -433.739318105 22.6237239655 -7.00112090717 434.385364222 27.0925749591 25.389938552 26.5371702554 1296.7983976105027 2.378316501568244e-14
1e-17 5.1687182628 0.0895403625991 1.21137419228 0.0441247499987 1.00991120183 0.00445996646015 -0.466839278043 0.254920272966 -1.30296728875 0.249406140346 -3.524289399945981e-05 0.0002101181693056208 0.0007885165788194788 4.45969173399103e-05 -0.00012701474286042164 -0.005363513636010978 -433.728775375 22.6842050771 -6.96477216238 434.377407101 26.9346826982 24.6076384946 26.1819921344 959.5219324585418 2.5263220739922627e-14
1.778e-17 5.17776643441 0.0730660699512 1.22699717159 0.046076650825 1.01017280166 0.00454044616732 -0.461578871892 0.223193529287 -1.3186699695 0.219500932109 -4.1546461379687295e-05 0.00024445132023349914 0.0009072526493951943 3.3996848139640494e-05 -0.0001291275149847724 -0.003685308453876251 -433.720147129 22.7480504823 -6.93200568401 434.371606495 26.817150107 23.9677209036 25.902192475 731.0800387539058 2.674825270169734e-14
3.16e-17 5.18123723371 0.0612257417609 1.23856407077 0.0502488424776 1.01026210621 0.00486816174778 -0.458206244771 0.209375644301 -1.33151195027 0.20712652486 -5.167474853713604e-05 0.0003001687319973983 0.0011083022605589603 2.9731079479873357e-05 -0.00014656828801876484 -0.002795764248064678 -433.714063178 22.7985847912 -6.90777503689 434.367795103 26.7550859745 23.5061559914 25.7177540524 593.3674920486236 2.793978618263496e-14
5.62e-17 5.18212837262 0.0530811309631 1.24583888436 0.0572322850285 1.01025308268 0.00549147898983 -0.456825758215 0.212741025014 -1.34152419736 0.211578468949 -6.898586807232849e-05 0.0003953531939080032 0.0014565866686298654 3.055171621485236e-05 -0.00018548346816768917 -0.002423352505493249 -433.710176189 22.8333890818 -6.89224896062 434.365495501 26.7538977384 23.1981427658 25.623530307 514.9341500301222 2.874279045882239e-14
1e-16 5.1821507971 0.0477527004889 1.24935948684 0.0679348181143 1.01022346821 0.00649377331002 -0.457396783739 0.23410846683 -1.35060523312 0.233620676937 -9.955630795766786e-05 0.0005593791355423086 0.002063279129237172 3.6894718765018454e-05 -0.0002599031205827313 -0.002472487522042549 -433.70793168 22.8558541305 -6.88359433112 434.364298649 26.8171170436 22.9974748982 25.6072866241 470.96839773725407 2.920609435535116e-14
1.778e-16 5.1820010634 0.0444273042228 1.24991513651 0.0834739861131 1.01021034866 0.00798480632064 -0.459978306613 0.275808051367 -1.36071714169 0.275398852789 -0.0001542045271758783 0.0008374063857623797 0.003111855716286242 5.102181318713293e-05 -0.00039686229993504105 -0.0030211939635691643 -433.706831139 22.8702402478 -6.87980191092 434.363896911 26.9470664643 22.8616721798 25.657648872 446.07051570077675 2.942716448976608e-14
3.16e-16 5.18188566987 0.0424220078458 1.24837215222 0.105274030292 1.01022214771 0.0101084714074 -0.464600799612 0.341979866456 -1.37306185655 0.340705143829 -0.0002524566689580697 0.001296505555277716 0.004906873633356228 7.761892433384117e-05 -0.00064724995477421 -0.0044149999357786535 -433.70648279 22.8798434534 -6.87925427887 434.364046152 27.1367796404 22.7613000398 25.7609937567 431.53454133235067 2.950802073419556e-14
5.62e-16 5.18183040905 0.041240026547 1.24572149637 0.135291189436 1.01025183126 0.0130588729116 -0.470795354702 0.438814148073 -1.38724201186 0.435308406442 -0.00042951542857820347 0.0020398097600073254 0.007971629497541035 0.00012507549325386645 -0.0011050253855911633 -0.007474055866752495 -433.706573117 22.8866039564 -6.88057657103 434.364513445 27.3591504317 22.6818723116 25.894102007 422.7552378639371 2.953719692467108e-14
1e-15 5.18181238159 0.0405548546101 1.24299169185 0.176196479606 1.01027546301 0.0170917543356 -0.477354141629 0.57444653715 -1.40094316219 0.567072814267 -0.0007478260591145954 0.003249939568714277 0.013244495009672298 0.000207967422203752 -0.0019371966207922166 -0.013749759593069927 -433.706843763 22.891405104 -6.88257439973 434.365068329 27.5713134239 22.6199522473 26.025736541 417.38223743489056 2.956627833500241e-14
1e-17 5.1687182628 0.0895403625991 1.21137419228 0.0441247499987 1.00991120183 0.00445996646015 -0.466839278043 0.254920272966 -1.30296728875 0.249406140346 -3.524289399945981e-05 0.0002101181693056208 0.0007885165788194788 4.45969173399103e-05 -0.00012701474286042164 -0.005363513636010978 -433.728775375 22.6842050771 -6.96477216238 434.377407101 26.9346826982 24.6076384946 26.1819921344 959.5219324585418 2.5263220739922627e-14
