1e-18 4.83718214146 0.242736644158 1.10826564764 0.0636525671059 1.00631686589 0.00735179409689 -0.504780287184 0.664688267909 -1.04717372142 0.643640424469 -2.243324972814709e-05 0.00022061628244175816 -0.000578138485929935 0.00019678885828652284 -0.00042985733152628593 -0.04008067614723942 -428.27246448 23.499022259 -4.66830942843 428.942071837 27.7412762003 25.7490306712 27.0934764039 3041.857895467772 2.84898321076244e-14
1.778e-18 4.85578637815 0.186998432779 1.11704137033 0.0536136075624 1.00655224937 0.00605201547256 -0.476742685823 0.513245937391 -1.17534802416 0.496991483831 -2.3984326498122595e-05 0.0002113063057025559 0.00014033506167890708 0.00010806371247916244 -0.00027168473261025676 -0.023250752519959263 -428.076653362 24.4598613886 -4.47537284582 428.798245023 27.6197551578 25.4043218184 26.9015570615 2732.660062463961 2.8916540899072476e-14
3.16e-18 4.87684899861 0.145939241615 1.12875516939 0.047587394486 1.0067917206 0.00522464811309 -0.456108483108 0.403593516136 -1.2496574419 0.390886893285 -2.610254517079072e-05 0.00023114220425482176 0.00042963719533088403 6.133011711181491e-05 -0.0001969827786208286 -0.013789438121992393 -427.867526568 25.0029689468 -4.3396463789 428.619413091 27.4712088012 24.9216699161 26.6484787396 2360.328811957775 2.9684945495826265e-14
5.62e-18 4.8980300346 0.115684136245 1.14368057837 0.0448116004916 1.00702358069 0.00477521908598 -0.439350244569 0.326170995927 -1.295589544 0.316108426168 -2.9453833506371843e-05 0.00025684846331158143 0.0005834606464634759 3.5213700024999023e-05 -0.0001638977336431775 -0.008423987880592183 -427.639694398 25.3234393139 -4.23405981599 428.409747865 27.296414085 24.3329492844 26.3456565976 1963.126187475501 3.0915489701373076e-14
1e-17 4.91539232622 0.0934916705539 1.16068765191 0.044788480617 1.00715839587 0.00464198491246 -0.425787081674 0.274491320271 -1.32441095591 0.2664188453 -3.474054058909333e-05 0.0002897118679019927 0.0007103542543567473 1.9715927097684345e-05 -0.0001557174282309264 -0.005359440123114851 -427.412207172 25.5171996631 -4.15153189559 428.193364656 27.1104040604 23.7173048698 26.0285648658 1606.585606292786 3.253036496396363e-14
1.778e-17 4.92669251015 0.0774860587516 1.17756005174 0.0473243870126 1.00709479833 0.0047958463995 -0.415523894954 0.244452816455 -1.34063671059 0.237869842577 -4.3091567980728386e-05 0.0003390037103013259 0.0008667006697161681 9.738520164044711e-06 -0.00016733418949380739 -0.0036039417466445832 -427.213859219 25.6349534357 -4.09168948039 428.001839096 26.9324332177 23.1710566677 25.7397862277 1338.4300369663736 3.421358835428746e-14
3.16e-17 4.93266053754 0.0662854131786 1.19219161984 0.0526230418157 1.00684895895 0.00524769069174 -0.408273075167 0.233731994838 -1.34738242627 0.228236905806 -5.6732150420340915e-05 0.00041902684894036237 0.0011036264311911983 2.291993872795396e-06 -0.0002015494449751243 -0.0026028488116062137 -427.06304272 25.7065367828 -4.05335258044 427.855230373 26.7710806548 22.7556333875 25.5029434231 1163.5874102840814 3.5643435306839926e-14
5.62e-17 4.93536159023 0.0587699319606 1.20377226328 0.0613355364839 1.00652588797 0.00605339548427 -0.40329512639 0.241583306901 -1.34753893934 0.23687137196 -8.009923631536985e-05 0.0005503234381452865 0.0014898767287677603 -4.857044431970757e-06 -0.0002696485900852199 -0.0020520687256718904 -426.960509032 25.7503968978 -4.03326454901 427.755334784 26.6179299022 22.4795545117 25.3137561785 1059.6515836550304 3.670886918158529e-14
1e-16 4.93648103867 0.0539618491882 1.21277524659 0.0744804780946 1.00622086857 0.00730738382987 -0.399799839851 0.268593845006 -1.34347821687 0.264522764486 -0.00012143685092474064 0.0007617149088816219 0.002128627737121587 -1.3907225315726542e-05 -0.0003948578873266199 -0.0017993539342223673 -426.896141229 25.7779997939 -4.0276249367 427.692696258 26.4553365772 22.3182697871 25.152036585 1000.8747130020791 3.748564409435403e-14
1.778e-16 4.9369313615 0.0510154983714 1.22021029616 0.0933758718161 1.0059672434 0.00913535249904 -0.397249655553 0.316521896202 -1.33674852055 0.313248381478 -0.0001955382131268606 0.0010937780054501608 0.0031812326860197033 -2.7505087605604965e-05 -0.0006194084264026992 -0.0017942177439799823 -426.857707226 25.7964153494 -4.03291777158 427.655494164 26.2691595554 22.2387494979 24.9979963645 968.46908144947 3.810579809367826e-14
3.16e-16 4.93711043157 0.0492622766193 1.22688895547 0.119777020115 1.00576109617 0.0117062368649 -0.395425568075 0.388752686066 -1.32864138643 0.386905037314 -0.00032908642414272287 0.001612690141192672 0.004924625200124147 -4.9256113496792e-05 -0.001018862923675583 -0.002062666371044408 -426.835343432 25.8097526938 -4.04564236867 427.634097049 26.0588763038 22.2117124881 24.8427738661 950.9013545159077 3.8671505254424026e-14
5.62e-16 4.93717478681 0.0482380740333 1.23306417757 0.156077840032 1.00559408376 0.0152509737018 -0.394302155516 0.491022424807 -1.32056753105 0.491802460768 -0.0005701912880147897 0.0024435561358252082 0.007870096185250617 -8.460976305855563e-05 -0.0017283527829448752 -0.0026989200970355827 -426.822502038 25.820000543 -4.06203395745 427.62205368 25.8406816584 22.2144042847 24.6911685619 941.6033606743368 3.922050978872826e-14
1e-15 4.9371881418 0.0476477670413 1.23846214747 0.205410401229 1.00547831432 0.0200744456703 -0.393806134913 0.631893858232 -1.31411539434 0.636994051888 -0.0010039403190579732 0.0038277785305432742 0.01296080133229054 -0.00014277528310487173 -0.002987545249516338 -0.003892493655608485 -426.815202448 25.8278717132 -4.07837050638 427.615398582 25.6403786464 22.2300194026 24.5562741263 936.8571948784603 3.9732882814282e-14
1e-17 4.91539232622 0.0934916705539 1.16068765191 0.044788480617 1.00715839587 0.00464198491246 -0.425787081674 0.274491320271 -1.32441095591 0.2664188453 -3.474054058909333e-05 0.0002897118679019927 0.0007103542543567473 1.9715927097684345e-05 -0.0001557174282309264 -0.005359440123114851 -427.412207172 25.5171996631 -4.15153189559 428.193364656 27.1104040604 23.7173048698 26.0285648658 1606.585606292786 3.253036496396363e-14
