1e-18 3.75508754888 0.184685875002 1.167858155 0.0670682018819 1.01220844142 0.00706649211794 -0.571318981267 0.620435020333 -1.13184300148 0.605729858995 -2.420032546635612e-05 0.00012885843832191593 -0.0003403665783730251 2.8021532959709854e-05 -0.000349982671971766 -0.04078201732021499 -445.257468703 20.8002896239 2.99863527578 445.753134927 27.6054060692 25.3090479382 26.8617745507 2197.8753235694307 2.562600537072124e-14
1.778e-18 3.76823036143 0.141893182949 1.17701019383 0.0569054619968 1.01238395836 0.00589602385569 -0.565296896488 0.479712915394 -1.23997698621 0.468648409598 -2.6846740610340487e-05 3.178159104339335e-05 0.00023637920618216677 1.4255363348519578e-05 -0.00023299033394679058 -0.023542361322069896 -445.045955084 21.6361873209 3.05299599143 445.582032316 27.4749120849 24.9948829904 26.6738683849 1949.4029925086322 2.6001128716493834e-14
3.16e-18 3.78225638775 0.11027329615 1.18891862797 0.0508708042394 1.01251869099 0.00516981335671 -0.56976737516 0.377858170522 -1.30138495897 0.36971212699 -2.965651721985385e-05 3.816240540309044e-06 0.000458728390892291 9.873805590059952e-06 -0.00017777618810374353 -0.013740370233174733 -444.812008961 22.1022094756 3.0255481049 445.371064306 27.3149849391 24.57983196 26.434730587 1676.5209962286172 2.66054766863092e-14
5.62e-18 3.79515203929 0.08694279643 1.203176613 0.048145909153 1.01256418242 0.00479860603537 -0.579591858511 0.306042136399 -1.33640682795 0.300408918134 -3.3465054754781735e-05 3.867845777490866e-06 0.0005721533247838574 9.291155160188655e-06 -0.00015382747914852575 -0.008140651345675003 -444.565145792 22.3623372965 2.95607224565 445.137036591 27.1376634471 24.1038488202 26.1655058087 1418.0957199588574 2.744999411284275e-14
1e-17 3.80471224929 0.0698940530023 1.21812111524 0.0482242554323 1.01244408281 0.00472586777782 -0.590493256788 0.258364972525 -1.35516467619 0.255048040628 -3.912402811775936e-05 1.569393378079774e-05 0.0006704667700963897 1.0576037350744822e-05 -0.00014973237535453838 -0.004911908108783391 -444.334513319 22.5056722263 2.87703754085 444.913409951 26.9674237923 23.6381143074 25.9052397531 1216.4901587951151 2.8409155379792965e-14
1.778e-17 3.81039015598 0.0577223951525 1.23151776453 0.0509690719152 1.01217149981 0.00493089581786 -0.599670698923 0.23118195365 -1.36397110196 0.230104817197 -4.799187533251609e-05 3.323513937672451e-05 0.0008050762883508484 1.3218648124887719e-05 -0.0001632361626139817 -0.0030045887089395302 -444.148128219 22.5838139973 2.8099040961 444.730799491 26.8266545495 23.2501988831 25.6898847587 1085.7197289913306 2.9283509810850386e-14
3.16e-17 3.81320513952 0.0493234400118 1.24194536508 0.0566853083877 1.01183512912 0.00543541537236 -0.606169582052 0.222517526877 -1.36704733899 0.223694261598 -6.273675374148962e-05 5.6195572177380433e-05 0.0010269222705149076 1.7574958694918707e-05 -0.00019872235459965013 -0.001794165358224424 -444.015686791 22.6267943926 2.76241552204 444.600419343 26.7216799391 22.9691989418 25.5322048765 1011.4593268909781 2.994525975353499e-14
5.62e-17 3.8144550291 0.0437668832967 1.24924924192 0.0661294361645 1.01154191413 0.00630580456777 -0.610281184326 0.231936392317 -1.36752815822 0.235494219313 -8.843579186011444e-05 8.849636230312755e-05 0.0014090593289962066 2.481045787206079e-05 -0.00026852745946405763 -0.0008837242547792701 -443.929940729 22.6509748284 2.73303238606 444.515835941 26.644539243 22.7861794555 25.4235646407 972.0010455351123 3.0390802721662355e-14
1e-16 3.81498726903 0.0402540245679 1.25408176427 0.080403682766 1.01133923148 0.00764386057993 -0.612663229899 0.260421893077 -1.36707738034 0.266636792551 -0.00013432934610199492 0.00013668098812717015 0.0020702890642816246 3.7035014613603195e-05 -0.0003971071525145201 2.264113770723456e-05 -443.877739695 22.6649288462 2.71721869612 444.464318111 26.5827559619 22.6763568675 25.3476033702 951.407314146274 3.067707086040275e-14
1.778e-16 3.81521701169 0.0381212341128 1.25726329607 0.100894130378 1.0112245905 0.00958054331356 -0.613904816346 0.310289481345 -1.36638595349 0.319630063467 -0.00021694483296501885 0.00020817045587401725 0.0032085784144179376 5.768773521223309e-05 -0.0006290449844156748 0.0012130244785057164 -443.847127356 22.6732470961 2.71061899449 444.43413016 26.5265924169 22.6151529801 25.290086034 940.5934641408732 3.0864278129101896e-14
3.16e-16 3.81532107923 0.0368615383226 1.25943497507 0.129434952782 1.01117461972 0.012290714143 -0.6144324589 0.385606427029 -1.36569985363 0.39880903291 -0.0003660794352774478 0.00030919641346306275 0.0051690427866026385 9.243090563611721e-05 -0.0010447846798193636 0.0030612132305133525 -443.829504508 22.6784373969 2.70974865063 444.416790111 26.4721381362 22.5837548257 25.2426502639 934.8375661367321 3.099446955864941e-14
5.62e-16 3.81537081687 0.0361305161318 1.26097187814 0.168544885603 1.0111635135 0.016014366583 -0.614546983265 0.492775178935 -1.36511828169 0.510938982188 -0.0006352724542469198 0.000444519165784875 0.008573950496692309 0.00015107451029087367 -0.0017888742652927487 0.006156753739694922 -443.819452094 22.6818086331 2.71185302377 444.406935867 26.4212262832 22.569348667 25.20276371 931.7451775341968 3.108984934385459e-14
1e-15 3.8153952316 0.0357118347361 1.26208825465 0.221586396865 1.01115802574 0.0210689958211 -0.614454868359 0.640835040623 -1.36441029561 0.665510176463 -0.001119370800742939 0.0006226319186174124 0.014549796919982913 0.0002511476213896509 -0.0031176984416251582 0.011510732423056795 -443.813799766 22.6840279612 2.71491075051 444.401422958 26.378258449 22.5637268445 25.1710601466 930.0929704856832 3.115743605317729e-14
1e-17 3.80471224929 0.0698940530023 1.21812111524 0.0482242554323 1.01244408281 0.00472586777782 -0.590493256788 0.258364972525 -1.35516467619 0.255048040628 -3.912402811775936e-05 1.569393378079774e-05 0.0006704667700963897 1.0576037350744822e-05 -0.00014973237535453838 -0.004911908108783391 -444.334513319 22.5056722263 2.87703754085 444.913409951 26.9674237923 23.6381143074 25.9052397531 1216.4901587951151 2.8409155379792965e-14
