1e-18 4.73302775148 0.265028505254 1.21054361384 0.0776215039138 1.01605759329 0.00844292169636 -0.452218311281 0.745843925116 -1.82028639027 0.720013473716 -3.583411418712395e-05 -0.0004862176547974116 0.0018665190397821646 0.0005245750451349367 -0.0003566683079973856 -0.057250683276883964 -435.31370908 27.4620122863 -9.89487592876 436.291297187 24.3675702108 25.7033711512 24.8208262318 2863.7728804249455 4.6361161193473675e-14
1.778e-18 4.73777500988 0.203451927317 1.21310512841 0.0650011075457 1.01608594516 0.00697826073348 -0.460932196785 0.574702962698 -1.69663126317 0.555473237686 -3.784545829691398e-05 -0.00028663338110795737 0.0010578996880851012 0.0003153976287398715 -0.0002872782092633681 -0.03344938355597424 -435.291836223 26.4937690653 -9.96849078881 436.211271393 24.3342011912 25.5344398139 24.7407512135 2750.6140647725088 4.6475234083340234e-14
3.16e-18 4.74207825303 0.158540872647 1.21624755488 0.0574058308894 1.01614295922 0.00606623242378 -0.463736272221 0.451467084316 -1.63332472979 0.437511977925 -4.105117157517465e-05 -0.00018974779009591899 0.0008075218672860844 0.0001938887047094223 -0.00023571480924252213 -0.02022982500411961 -435.208461844 25.981567039 -9.99884858484 436.097952368 24.278213547 25.3166451768 24.6292226774 2625.6682309748558 4.66505680338552e-14
5.62e-18 4.7462510928 0.126266250593 1.22015628459 0.0540143514653 1.01622137025 0.00561406956657 -0.463365467247 0.365454858805 -1.60254225372 0.355848994513 -4.6471214634780004e-05 -0.00014195635622650345 0.0007680365867690325 0.00012451960959162603 -0.00021096272662572094 -0.012858062252329815 -435.083802535 25.712986673 -10.0060170552 435.957788426 24.204269096 25.0573639187 24.4919358939 2488.7994979909467 4.69335736613839e-14
1e-17 4.74978361299 0.10363964555 1.22454338191 0.0544285645197 1.01629633707 0.00557353723551 -0.461540117311 0.309315724014 -1.58899715873 0.3035558863 -5.586495356262149e-05 -0.00012162403242779611 0.0008478303863454384 8.560516789080295e-05 -0.0002128087494214271 -0.008775708650018955 -434.943703944 25.5761910955 -10.0015615214 435.809819054 24.1208859561 24.7871326185 24.3449941608 2356.921244431487 4.732386851993306e-14
1.778e-17 4.75226442526 0.0883164971204 1.22885347496 0.0586716113403 1.01634257381 0.00593833442767 -0.459499328985 0.27804073805 -1.58356335 0.276055789926 -7.23021212478855e-05 -0.00012053636360569298 0.0010492788446829903 6.451935225333941e-05 -0.0002444294297671414 -0.006576937570118731 -434.814738642 25.5088505587 -9.99343739423 435.676975738 24.0367941569 24.5457316634 24.207628891 2247.870066654553 4.775971635902972e-14
3.16e-17 4.75374522897 0.0783243029571 1.23264994516 0.0672116840504 1.01634715691 0.0067459765271 -0.458012629401 0.268487923737 -1.58087810196 0.270660901936 -0.00010127361745923953 -0.0001380885546923974 0.0014311401829538099 5.421534628644472e-05 -0.00031736426934238584 -0.00549480452476791 -434.713250424 25.4762976078 -9.9867947323 435.573630863 23.9541478767 24.3597271219 24.0900996708 2168.875270222934 4.816399295849943e-14
5.62e-17 4.75454106197 0.0720516719483 1.23587712633 0.0809781204102 1.01630665883 0.00807973646545 -0.457474270347 0.279574901007 -1.57805282931 0.286732532802 -0.00015268857715611427 -0.0001797374624846597 0.0021159242058259187 5.125190095005768e-05 -0.00045701847850563595 -0.005142212007585097 -434.642308229 25.4605046692 -9.98440775431 435.501850511 23.8655010018 24.2346270473 23.9891741156 2116.9762762305686 4.8500725623627435e-14
1e-16 4.75495169248 0.0682520608083 1.2388486904 0.101337930965 1.01621673275 0.0100651371712 -0.458162741805 0.312182352444 -1.57357158893 0.325583540892 -0.0002442441506888399 -0.0002570304672731628 0.003321091820661183 5.473408071007059e-05 -0.0007116104832158225 -0.005356713316244663 -434.596778458 25.4527177615 -9.98769845709 435.456030855 23.7553310703 24.162453967 23.8918095466 2085.0990707725773 4.878906298190147e-14
1.778e-16 4.75516668411 0.0660148174446 1.2421048089 0.130136657285 1.01606910179 0.0128707949764 -0.460508270936 0.368786725786 -1.56671310738 0.390233729729 -0.0004072952521439695 -0.00038505682833718643 0.005415674882507025 6.605449936751583e-05 -0.001167860863664141 -0.006085329193455651 -434.569218421 25.4488412424 -9.9976434644 435.428526849 23.6037509142 24.1316316871 23.781013171 2066.409089042162 4.9091267864388475e-14
3.16e-16 4.75528435678 0.0647182159703 1.24627406469 0.169998913586 1.01585894347 0.0167333012619 -0.465297884427 0.45350572233 -1.55766768876 0.485808207377 -0.0006985089769439552 -0.0005662910140965895 0.009038935712458592 8.976503645277718e-05 -0.001981655973505686 -0.007250912327812583 -434.553150829 25.446964905 -10.01502219 435.41278069 23.3917304048 24.1322409392 23.64114461 2055.849954186734 4.950117004514494e-14
5.62e-16 4.75534746695 0.0639721044572 1.25186837422 0.224661258307 1.01560819003 0.021986922167 -0.473664639247 0.572378704695 -1.54836147075 0.6202841412 -0.0012213842944858362 -0.0007232389351661833 0.015349053250018365 0.0001360003422191083 -0.003433187539662795 -0.008548563663572492 -434.544228114 25.44618483 -10.0398657081 435.404402152 23.1100378 24.1567206359 23.4641204546 2050.2820784657088 5.0123706442767526e-14
1e-15 4.75537593197 0.063544303384 1.25907746862 0.299213011692 1.01535223798 0.0290836789319 -0.48653982046 0.733471152743 -1.54197905051 0.804909488459 -0.002165199761497449 -0.0004963235718418969 0.026595689446842815 0.00022524059274565833 -0.006019848643085726 -0.009276269277014238 -434.539308505 25.4460394932 -10.0703656478 435.400188133 22.7699255295 24.1971364827 23.2553967299 2047.6270032461139 5.100767007017651e-14
1e-17 4.74978361299 0.10363964555 1.22454338191 0.0544285645197 1.01629633707 0.00557353723551 -0.461540117311 0.309315724014 -1.58899715873 0.3035558863 -5.586495356262149e-05 -0.00012162403242779611 0.0008478303863454384 8.560516789080295e-05 -0.0002128087494214271 -0.008775708650018955 -434.943703944 25.5761910955 -10.0015615214 435.809819054 24.1208859561 24.7871326185 24.3449941608 2356.921244431487 4.732386851993306e-14
