1e-13 4.08700566564 296.870014787
1e-14 4.08701226103 29.8229337093
1e-15 4.08697678708 3.11415978743
1e-16 4.08237078873 0.432055899661
7.5e-17 4.07955197274 0.361928869384
5e-17 4.07244517778 0.301380597186
2.5e-17 4.04598571312 0.267466987463
1e-17 3.98873362234 0.235823872062
7.5e-18 3.96905489715 0.216719237052
5e-18 3.94140267401 0.184648324907
2.5e-18 3.89743816504 0.126064305297
1e-18 3.85305719098 0.0639152420961
1e-19 3.81048689525 0.00758131906757
1e-20 3.80501418544 0.00077241891312
1e-21 3.80444442997 7.73882385403e-05
