1e-20 3.66284820518 -416.858697635 22.2709219153 2.98354921228 417.463853911 26.6443746614 24.1266249175 25.8324049216 0.00201704615087
5e-20 3.66236232378 -416.82737325 22.2913990229 2.98373194499 417.433669242 26.6295539117 24.1079482693 25.8163995219 0.0100552620121
1e-19 3.66184111049 -416.789634254 22.3163191836 2.98377710448 417.397317013 26.6113917716 24.0850555281 25.7967843204 0.0200346929193
2.5e-19 3.66078354313 -416.684885955 22.3870473186 2.98284780773 417.296503044 26.5591229728 24.0191718175 25.7403356684 0.0495047128009
5e-18 3.71713809094 -415.42650801 23.6643250738 2.72248543714 416.108874894 25.5684213174 22.8825128711 24.705584609 0.634263282334
7.5e-18 3.74859277514 -415.182912535 24.1355973552 2.55927654247 415.891726074 25.2345169781 22.5925468676 24.3856847912 0.763640588369
1e-17 3.77484481237 -415.015714982 24.5595497765 2.40327414608 415.748711236 24.9513597323 22.3921468961 24.1284683006 0.836265442938
2.5e-17 3.86914462427 -414.54944209 26.5437796932 1.66923943661 415.401731505 23.7232519671 21.9340114649 23.1422141459 0.910780935182
5e-17 3.93802304866 -414.276509995 28.6515901829 0.972018846172 415.267245486 22.3911646349 21.8920333031 22.2260330061 0.856054636245
7.5e-17 3.97327726988 -414.145448341 29.9553944481 0.580664613366 415.227787135 21.4843717424 21.9819685477 21.6515080272 0.832643343198
1e-16 3.99517759579 -414.065976983 30.809929663 0.320784120875 415.210775345 20.8435467859 22.073081949 21.2612937201 0.844324134045
5e-16 4.06479213692 -413.851132286 33.3613983983 -1.03426560074 415.194908811 18.7181258955 22.4764641281 20.0493384245 2.00908570981
1e-15 4.07553758971 -413.828705575 33.7139298152 -1.48869504 415.202411884 18.3837739041 22.5639811642 19.8751061372 3.65189024612
5e-15 4.08463578151 -413.813614016 34.0096830915 -2.02786521684 415.213773768 18.059856898 22.6595102326 19.7126885223 16.7324544646
1e-14 4.08581464652 -413.81197015 34.0479654811 -2.11307728583 415.215697786 18.0123069316 22.6743094866 19.6893432486 33.0545761048
