(-0.32,-4.62) (0.32,-2.81)
(0.09,-4.58) (0.94,-2.77)
(-0.02,-5.16) (0.77,-2.81)
(0.0,-4.75) (0.64,-2.7)
(-0.19,-4.95) (0.75,-2.87)
(0.12,-5.1) (0.71,-2.99)
*(5.45,-26.19) (0.93,-3.29)
(-0.07,-5.12) (0.65,-2.84)
(0.14,-4.33) (0.7,-2.69)
(-0.26,-5.05) (0.54,-2.81)
(0.13,-4.71) (0.42,-2.7)
(0.03,-4.67) (0.71,-2.85)
(-0.43,-4.77) (0.42,-2.75)
(-0.53,-4.66) (0.3,-2.59)
(-0.32,-4.43) (0.42,-2.49)
(-0.21,-4.76) (0.31,-2.67)
(-0.5,-4.4) (0.29,-2.56)
(-0.73,-4.67) (-0.06,-2.56)
(-0.58,-4.53) (-0.09,-2.67)
(-0.78,-4.55) (-0.1,-2.6)
(-0.87,-4.5) (-0.22,-2.48)
(-0.54,-4.55) (-0.42,-2.62)
(-0.18,-4.75) (0.04,-2.94)
(-0.58,-4.94) (-0.08,-2.8)
(-1.07,-4.83) (-0.76,-3.04)
(-0.73,-5.25) (-0.52,-3.13)
(-0.95,-5.0) (-0.27,-3.04)
(-0.03,-5.05) (0.39,-3.18)
(-0.9,-4.31) (-0.32,-2.4)
(-0.4,-4.33) (-0.24,-2.19)
(-1.27,-4.39) (-0.29,-1.97)
(-0.72,-4.05) (-0.24,-1.96)
(-0.97,-3.7) (-0.19,-1.89)
(-0.84,-3.3) (-0.14,-1.69)
(-0.41,-3.41) (0.19,-1.56)
(-0.73,-4.15) (0.12,-1.94)
(-0.46,-3.98) (0.32,-2.06)
(-1.0,-3.91) (-0.11,-2.02)
(-0.85,-3.79) (-0.35,-2.05)
(-0.74,-3.79) (-0.44,-1.97)
(-0.71,-3.49) (-0.53,-1.84)
(-1.38,-3.53) (-0.58,-1.73)
(-1.18,-3.72) (-0.85,-1.74)
(-1.5,-3.73) (-0.39,-1.87)
