1e-18 4.50928183427 0.251199955786 1.15738587686 0.0733283327056 1.01564073342 0.00774820031005 -0.422278984435 0.693425548175 -1.39300358147 0.67095397113 -3.1469829975652163e-05 -0.0006372183319129253 0.0006421535474961271 0.00039566330276748386 -0.0004326080225918174 -0.045831855303048404 -429.777583883 22.0619572701 -9.91174560767 430.457598688 24.8400897034 24.7275635423 24.8026377071 2457.6252591834805 4.34529163407191e-14
1.778e-18 4.53443402511 0.193329827974 1.16858437577 0.0615863346359 1.01567188488 0.00637642608127 -0.418803069741 0.530645604531 -1.37224684679 0.513944915786 -3.278343941177278e-05 -0.0003958527541944034 0.0005586064309119167 0.0002260725898450752 -0.0002994218872033646 -0.026998916278547863 -429.749377402 21.8745036841 -9.87919901895 430.419121162 24.7276810441 24.2588483824 24.5723974171 2114.7447825313325 4.3819916539174406e-14
3.16e-18 4.56523784175 0.150244371647 1.1853178777 0.0544661793679 1.01565069027 0.00548937910107 -0.418970177923 0.411219604427 -1.37189613473 0.399085422088 -3.507859006773462e-05 -0.00025909026852300403 0.000572118940779602 0.0001300932616833503 -0.00022461683975631756 -0.016280269030483144 -429.697711462 21.8255696649 -9.87098515852 430.364862732 24.5708785489 23.6130383268 24.2558015352 1686.2161918223396 4.467042532921455e-14
5.62e-18 4.59588844675 0.117756713343 1.20780282103 0.0509362189085 1.015390159 0.00497101272424 -0.422082037808 0.324634849691 -1.38226275717 0.316309080303 -3.834743591516341e-05 -0.00018536169576370052 0.0006144637877767731 7.516279107422887e-05 -0.0001852015778616361 -0.010110285952007789 -429.632082308 21.8560394473 -9.88159407895 430.301125388 24.3830853955 22.8299776218 23.8766104869 1237.3589830332592 4.616098913192796e-14
1e-17 4.61880148681 0.0930330727296 1.23335367627 0.0501152633576 1.01467893598 0.0047247141594 -0.426770351385 0.263754760735 -1.39383767461 0.258799682746 -4.227754468033511e-05 -0.00014751920433010804 0.0006740826205752544 4.324080562190002e-05 -0.00016809880560470042 -0.006545580711697381 -429.56658976 21.9247888838 -9.90195679901 430.239700811 24.1968621129 22.0335275869 23.4978907574 861.3813540379157 4.805549415344989e-14
1.778e-17 4.63106561888 0.0743866323397 1.25676461519 0.0513956536421 1.01358192665 0.00468647336254 -0.431210845162 0.223903558143 -1.3996838207 0.222031804578 -4.687939102743802e-05 -0.00013040965448847156 0.000758499914602982 2.4260073129181504e-05 -0.00016717377053370317 -0.004525314909216497 -429.513978705 22.0004034088 -9.92095032708 430.191470055 24.0419601261 21.3735118178 23.1866247424 610.8646486012389 4.9796913430482696e-14
3.16e-17 4.63584424061 0.0607131935832 1.27421563165 0.0547210751328 1.01252450813 0.00485201892168 -0.434600154262 0.201942991878 -1.40079946785 0.20292612053 -5.36518438358821e-05 -0.0001284646880188631 0.0008881923615630244 1.2445463955990084e-05 -0.00018205369980902673 -0.0034524667467663197 -429.478357656 22.0634879198 -9.93362442873 430.159428687 23.9172479757 20.9190821352 22.9613987585 469.5087189678053 5.10719663856742e-14
5.62e-17 4.63725050465 0.0510890367909 1.28579425234 0.0606635998691 1.01178419327 0.00527089217131 -0.43735208593 0.196054916607 -1.40040730873 0.199756019322 -6.571034344768859e-05 -0.00014171789790243665 0.0011013569149445003 4.180375984362806e-06 -0.00021817976825625615 -0.0029948079320993646 -429.456680086 22.1076779426 -9.94098921787 430.140224533 23.7960533336 20.6459209834 22.7944317891 395.3654977440016 5.1958995421284324e-14
1e-16 4.63753146328 0.0446335340921 1.29352062496 0.070240434394 1.01138364403 0.00602305030818 -0.440375508177 0.20565022383 -1.40047044861 0.212128107007 -8.789728098784149e-05 -0.00017317733337890182 0.001461728411177175 -3.191398607399225e-06 -0.00028829575796078836 -0.002985338899174672 -429.444301483 22.1348886719 -9.94524019366 430.129363303 23.646625372 20.500396016 22.6465009791 356.9921561244469 5.266025268695295e-14
1.778e-16 4.63752806214 0.0405058719381 1.29939489034 0.0847698553413 1.01126352518 0.00721093278336 -0.444845476153 0.231156434461 -1.40252762732 0.240808574441 -0.00012842307871927634 -0.00022519254808196044 0.002074167853769836 -1.2121943437257702e-05 -0.00041636468715948384 -0.003350992128316252 -429.437641053 22.1495857729 -9.94790076237 430.123531596 23.4413372405 20.4389120536 22.4851188506 337.20337446181185 5.335536097358799e-14
3.16e-16 4.63748809603 0.03796354219 1.30482646852 0.105923636033 1.01138729434 0.00896896175682 -0.452269940707 0.274028397033 -1.40915299905 0.287797015521 -0.000202358523074273 -0.00028605113500860223 0.0031233975343340765 -2.5412285063294828e-05 -0.0006458236498699704 -0.00404804315144795 -429.434408117 22.1558718808 -9.94981353394 430.120671815 23.1625655148 20.4329012231 22.2898507161 327.33182936143487 5.416346786901351e-14
5.62e-16 4.63746039048 0.0364378141612 1.31048195021 0.135877736711 1.01175019805 0.0114785949622 -0.464139095511 0.336896755634 -1.42388978695 0.356511761989 -0.00033789822955729743 -0.0002889566776583804 0.004968675088256232 -4.647681688845234e-05 -0.0010542997889944725 -0.005031050367541379 -429.433212686 22.156825375 -9.95139407388 430.119563973 22.8139553304 20.4627719052 22.0580911057 322.989223832146 5.510041589854055e-14
1e-15 4.63743904445 0.0355387734215 1.31612030717 0.177404242542 1.01232835823 0.0149761517274 -0.480497334363 0.423771207684 -1.44845373112 0.451791752159 -0.0005865422345008639 -3.7758031524297184e-05 0.008334882172964346 -7.890413368948227e-05 -0.0017778248816226498 -0.00641240385483605 -429.433148101 22.1548634743 -9.95276170967 430.119430076 22.4329289636 20.5110516224 21.8111274539 321.73717512546125 5.6042796306017537e-14
1e-17 4.61880148681 0.0930330727296 1.23335367627 0.0501152633576 1.01467893598 0.0047247141594 -0.426770351385 0.263754760735 -1.39383767461 0.258799682746 -4.227754468033511e-05 -0.00014751920433010804 0.0006740826205752544 4.324080562190002e-05 -0.00016809880560470042 -0.006545580711697381 -429.56658976 21.9247888838 -9.90195679901 430.239700811 24.1968621129 22.0335275869 23.4978907574 861.3813540379157 4.805549415344989e-14
