1997-01-09;03:01:01 1e-17 1.2077165508 0.045699896709 1.01183248441 0.00500123109168 -0.514817328608 0.281509476644 -1.40515745011 0.271599830926
1997-01-09;03:10:42 5.62e-18 1.2018986151 0.0481940517247 1.00811324791 0.00470393174018 -0.43094517105 0.301304250908 -1.33402996124 0.297546565918
1997-01-09;03:21:37 5.62e-18 1.203176613 0.048145909153 1.01256418242 0.00479860603537 -0.579591858511 0.306042136399 -1.33640682795 0.300408918134
1997-01-09;03:31:14 5.62e-18 1.20654652791 0.0508863000936 1.00285145584 0.00480444507786 -0.883113594745 0.312840710412 -1.53428646163 0.314471731544
1997-01-09;03:40:52 5.62e-18 1.19926641149 0.0477284386243 1.00850533927 0.00450305099254 -0.462989638539 0.300376636156 -1.20708271776 0.296324622276
1997-01-09;03:50:27 5.62e-18 1.16688539211 0.0466546289003 1.01087192404 0.00461897614284 -0.467054670615 0.302666144108 -1.57020856474 0.300580877525
1997-01-09;04:00:04 1e-17 1.13597440882 0.034887149457 0.997970739675 0.00445299671487 -0.260390935018 0.259146966857 -1.30417638378 0.249369038511
1997-01-09;04:09:42 5.62e-18 1.08664109012 0.0418262325264 0.987892472251 0.00571226230506 -0.146198325807 0.383548647115 -1.77886924075 0.370023069782
1997-01-09;04:20:36 1e-17 1.13812807773 0.0313408301953 1.00406854107 0.00387915567024 -0.30612687413 0.230466954735 -1.55241739459 0.222647803207
1997-01-09;04:30:17 1e-17 1.20673627027 0.0411091840277 1.00532747721 0.00436201628272 -0.506652127748 0.244240878826 -1.39294887985 0.237779031353
1997-01-09;04:39:49 1e-17 1.21307102733 0.0436373439442 1.01231732476 0.00453436935075 -0.318718685204 0.251254991177 -1.42087665323 0.244724052932
1997-01-09;04:49:26 1e-17 1.15706057598 0.0389746320575 1.00432403832 0.00441350202372 -0.388468312491 0.25357519347 -1.43983634064 0.24447357059
1997-01-09;05:00:27 5.62e-18 1.16455104694 0.0429710973286 1.00898091505 0.00451157840991 -0.505015051458 0.303176018044 -1.28450366088 0.293309561951
1997-01-09;05:09:58 1e-17 1.21137419228 0.0441247499987 1.00991120183 0.00445996646015 -0.466839278043 0.254920272966 -1.30296728875 0.249406140346
1997-01-09;05:19:39 1e-17 1.23151997947 0.0480702082309 1.01225821286 0.00466797553135 -0.306287229831 0.261448625233 -1.42610243515 0.256745474864
1997-01-09;05:30:37 1e-17 1.23335367627 0.0501152633576 1.01467893598 0.0047247141594 -0.426770351385 0.263754760735 -1.39383767461 0.258799682746
1997-01-09;05:40:11 5.62e-18 1.19660802956 0.0503418063369 1.00641033487 0.00536612821054 -0.493478425943 0.349748838765 -1.41520889994 0.340946563853
1997-01-09;05:49:52 5.62e-18 1.22015628459 0.0540143514653 1.01622137025 0.00561406956657 -0.463365467247 0.365454858805 -1.60254225372 0.355848994513
1997-01-09;06:03:29 5.62e-18 1.19536187726 0.0497216999286 1.00718218807 0.00526823660365 -0.401332234025 0.343802349488 -1.59595849096 0.335848921174
1997-01-09;06:10:24 1e-17 1.25465155884 0.0507278668675 1.01564452484 0.00463606709527 -0.392314978445 0.260264389231 -1.35139359046 0.253938829909
1997-01-09;06:20:02 1e-17 1.2270888661 0.0502564021843 1.01360193361 0.00466064979973 -0.432053355056 0.260452776555 -1.41752361122 0.256359292946
1997-01-09;06:29:33 1e-17 1.19733929498 0.0450797562547 1.01169417322 0.00435369393446 -0.555300281216 0.256751321893 -1.40112465272 0.250566032888
1997-01-09;06:40:37 1e-17 1.16068765191 0.044788480617 1.00715839587 0.00464198491246 -0.425787081674 0.274491320271 -1.32441095591 0.2664188453
1997-01-09;06:48:49 1e-17 1.22366388402 0.0484385172359 1.00992460202 0.00475497182321 -0.500304278163 0.274353740528 -1.17103327524 0.266801015028
