1e-18 4.29806865324 0.200992198518 1.04027951768 0.0558231395312 0.9865878162 0.00865269904002 -0.312786363785 0.782300808799 -3.03627337468 0.755946918567 -3.449416741750752e-05 0.0011174808099970273 0.004267360761512404 -0.00020474665038556372 3.437487740198208e-05 -0.05563004094898819 -441.753578703 37.5710855399 0.365796545741 443.348558781 27.9167312323 35.6695046005 30.719165157 2851.3420265824943 3.3083883521407054e-14
1.778e-18 4.34321432082 0.156980922431 1.05723104509 0.0478802107345 0.986829556518 0.00712008484302 -0.199720708107 0.606438224995 -2.32990687101 0.584011772861 -3.536893576370345e-05 0.0004085315357054514 0.0019328612106519726 -0.00013207968240636756 -8.172380924705059e-05 -0.034855899176738876 -442.145500808 32.1902465018 1.30348255286 443.31766818 27.84529049 34.7642381723 30.3275049015 2364.444467030286 3.286275820827255e-14
3.16e-18 4.37071231754 0.1245114408 1.0715922881 0.0433730320082 0.987240117014 0.00618486707145 -0.153974858274 0.476456462955 -1.96374135173 0.458805364294 -3.758672188767185e-05 0.00010028048248025185 0.0011512012106735644 -9.409836942911537e-05 -0.00010564924805876277 -0.02171171547562138 -442.326070498 29.4224760416 1.7451813087 443.30698212 27.7158687209 33.6588246814 29.8287067372 1959.0117180214181 3.263231433258259e-14
5.62e-18 4.3913825936 0.100699943896 1.08664109012 0.0418262325264 0.987892472251 0.00571226230506 -0.146198325807 0.383548647115 -1.77886924075 0.370023069782 -4.2041824767911e-05 -4.062946477421625e-05 0.0009130943487473861 -7.722243112442926e-05 -0.000112749806777358 -0.013825074053102092 -442.403723423 28.0259168932 1.90246225951 443.294626494 27.5634394608 32.4073168848 29.2672773901 1577.7949010684558 3.2829627910370124e-14
1e-17 4.40466179143 0.08343382083 1.10102303042 0.0429475847272 0.988714779232 0.00563895997255 -0.156437375899 0.32179037124 -1.69432483133 0.311509189275 -4.9856313151790725e-05 -0.00011389674841779427 0.0009080186669896265 -7.474366370354362e-05 -0.000124395289030236 -0.009257328832850267 -442.426732905 27.3619727388 1.90871507523 443.276138242 27.4308554192 31.2088761783 28.745420565 1264.602768274788 3.3604512893707467e-14
1.778e-17 4.41085694195 0.0712641254482 1.11244951299 0.0467541620504 0.989522163068 0.0059533232719 -0.170748393036 0.286804239168 -1.66116599226 0.278974096618 -6.337076577535663e-05 -0.00017018828767006143 0.0010612099357913847 -8.452824116254591e-05 -0.0001497688197124094 -0.006710768592755535 -442.424193967 27.0622826198 1.857749463 443.254989573 27.3478725333 30.2496592187 28.3481577711 1049.2291993387635 3.466823109778738e-14
3.16e-17 4.41275742693 0.06303472054 1.11998289851 0.0536514445783 0.990174943712 0.00669215884072 -0.182110331741 0.275534913003 -1.65149908438 0.269533982134 -8.704640419238757e-05 -0.00024276835300625555 0.0014005857948987828 -0.00010888595099651522 -0.00019903594409563478 -0.0053804122438597494 -442.413906181 26.9272868624 1.80077606446 443.236264259 27.3271163036 29.5756820947 28.0966400263 917.7327453180147 3.563675411519761e-14
5.62e-17 4.41289511943 0.0577211800535 1.12380476483 0.0643963163578 0.990656319481 0.00793881354135 -0.18833830852 0.287117784451 -1.65301285571 0.282393102875 -0.00012899603472197902 -0.00036579213340206715 0.0020357406709270625 -0.00015570952621452952 -0.00029047499914519717 -0.00483323207522084 -442.403907874 26.8637281616 1.7552213766 443.222244923 27.3783584089 29.133510613 27.9756469033 841.7353223636086 3.631973392209535e-14
1e-16 4.41256820309 0.0544376430205 1.12436618367 0.0800034833581 0.991018424781 0.00981734698057 -0.188985119472 0.323312739187 -1.66218489026 0.319132492075 -0.00020376443904928084 -0.000592589965605449 0.0031848235766459595 -0.000240648585768407 -0.00045888169306054506 -0.004906879491914168 -442.39632865 26.8315437525 1.72158374291 443.21259819 27.5193426906 28.8449534065 27.9681949201 798.5222200036213 3.671066733072581e-14
1.778e-16 4.41224136588 0.0524775243925 1.12203470849 0.101708411211 0.991314776125 0.0124925402911 -0.183324642104 0.388703551075 -1.679513383 0.383751855534 -0.00033737528302213297 -0.0010183892827929225 0.005239271262438994 -0.000391125170605713 -0.0007711704689032847 -0.005641690757908422 -442.390892968 26.8134989111 1.69536815021 443.205979402 27.7762738978 28.642691676 28.0680516468 773.857933322322 3.690975743856369e-14
3.16e-16 4.41201540753 0.0513298080107 1.11723537218 0.131173873695 0.991590372458 0.0161938156494 -0.170054667145 0.491389257514 -1.70704449828 0.4832417869 -0.0005771865381083579 -0.001810709438253584 0.008888783012680921 -0.0006523930043637005 -0.0013600587276309504 -0.007150923581504415 -442.386738254 26.8018293394 1.67172438931 443.201036666 28.1699361103 28.4783785167 28.2731241279 759.4105033592771 3.7103300183400025e-14
5.62e-16 4.41187075105 0.050663272324 1.11097101389 0.170830291265 0.991847702323 0.021244352224 -0.148852016155 0.643083421566 -1.7442428752 0.627875653281 -0.0010097691940729255 -0.0032412180591063697 0.015338200568392166 -0.0010960428302853457 -0.0024839039156014245 -0.00916735840271195 -442.383233293 26.7932697637 1.6484239997 443.196933321 28.6754113966 28.3288270103 28.5603505891 750.7184078595471 3.7520270142464735e-14
1e-15 4.41176879187 0.0502779808462 1.10487523743 0.224146545737 0.992058018524 0.0280766750422 -0.123539459489 0.857435549829 -1.78434222404 0.830374261764 -0.0017890509635923142 -0.005745597240903413 0.026695876984085255 -0.0018410382333481923 -0.004604764759148253 -0.010426810153087922 -442.380259746 26.7869155695 1.62692766436 443.193501704 29.1930195525 28.1970492301 28.864848094 745.5221674837145 3.822781976094566e-14
1e-17 4.40466179143 0.08343382083 1.10102303042 0.0429475847272 0.988714779232 0.00563895997255 -0.156437375899 0.32179037124 -1.69432483133 0.311509189275 -4.9856313151790725e-05 -0.00011389674841779427 0.0009080186669896265 -7.474366370354362e-05 -0.000124395289030236 -0.009257328832850267 -442.426732905 27.3619727388 1.90871507523 443.276138242 27.4308554192 31.2088761783 28.745420565 1264.602768274788 3.3604512893707467e-14
