1e-18 4.47894415009 0.412906609729 1.30226954411 0.143071579128 1.03040411783 0.00934426006897 -0.152227112974 0.752105585891 -1.81737065909 0.758581232629 -0.00012275295940378632 0.0014403590816666053 0.0005091914282751974 0.0014855695818069398 -0.0006284546679458653 -0.10791079164400091 -440.42395737 43.3612832308 -27.8995930483 443.431900523 17.2399339408 26.5154450435 20.796630099 38576.46679779368 4.75541296700995e-13
1.778e-18 4.60394096927 0.327726505159 1.38300701728 0.13209205319 1.02594691789 0.00822298470143 -0.0390695326873 0.593741044639 -1.80033763469 0.608554521996 -0.0001596480056264186 -0.001974921065767268 0.004699819818907159 0.000975976958642169 -0.0006201004184792262 -0.07837607637192577 -440.54477462 44.1113428696 -27.0448717952 443.572918588 16.6987837374 26.0625932723 20.3056439174 32381.13974662136 4.786850419468451e-13
3.16e-18 5.05878327919 0.266601563461 1.69944865937 0.141833809357 0.99571217402 0.00609769469369 -0.0203283856358 0.440830128451 -0.935866317123 0.454215640029 1.66813316164267e-05 -0.0036377246138483547 0.00020228610245057592 0.000502995439959934 -0.00037512257986993725 -0.04251032100132625 -441.626624643 44.0636276201 -27.5885177445 444.676067699 13.3463693848 23.8652307299 17.5670182378 10655.472197575875 5.511220297569131e-13
5.62e-18 5.11398665688 0.208041385961 1.70074266803 0.139616044335 0.991818403296 0.00513249551713 0.00676453479037 0.354768665108 -0.801873232513 0.358414648471 6.65151037514591e-05 -0.0031674821953135493 -0.0014880600806196629 0.0003873707974827086 -0.00029104851272824655 -0.02994122496420955 -441.922979747 43.9319381433 -27.8770590324 444.975353966 12.685019742 22.4060266977 16.5715567976 8055.649421321054 5.705131314101775e-13
1e-17 5.15328561048 0.164431452514 1.72424040554 0.142408294874 0.991764288117 0.00473463555247 0.160225858726 0.301643990468 -0.75919209098 0.292199215349 8.401374103629553e-05 -0.0036587928642428137 -0.0032169810511932656 0.0003098429100963496 -0.00022185298978982137 -0.017744534334176415 -442.143250603 43.6168451243 -28.3570307949 445.193446075 12.6336651365 20.2151739302 15.5763950321 6476.075707703813 5.901553128865383e-13
1.778e-17 5.17706996451 0.132012974124 1.71515874124 0.15667873439 0.993543120628 0.00475747356889 0.376427652801 0.265953622007 -0.707821464141 0.253442610905 7.982972282293074e-05 -0.009740396925551901 -0.00836507422547153 0.00023561570724685608 -0.00016540607619647648 -0.004966225234020581 -442.294758226 43.2656574402 -28.7831790031 445.336997859 12.8465477391 17.9446238583 14.7431012459 5614.255326039434 6.082634471367383e-13
3.16e-17 5.18424998864 0.108891388341 1.67511848519 0.176746476078 0.995010656162 0.00506918730406 0.504847696182 0.246224355729 -0.652882274707 0.234671502593 6.609386836786296e-05 -0.014962332414823308 -0.013087320808474369 0.00021855415827660263 -0.00014616105630034458 0.0009054269664919106 -442.362897607 43.0842617433 -28.9769932851 445.399655286 12.9841201277 16.7105219206 14.3342979579 5337.20160310893 6.164868247224467e-13
5.62e-17 5.18801637782 0.0968578785719 2.08698650322 0.369965200811 1.00411578923 0.00746294534932 1.00866636758 0.241713017911 -3.39539576366 0.473047192951 -0.00032722510973753037 -0.04282190602887959 0.12410161215412341 0.000301736086990118 -0.0008948044191416166 -0.04356668113488655 -442.413774557 42.9138077437 -29.1490188593 445.4449552 13.1600495767 15.4916503586 13.9805226482 5182.107246745151 6.798048582975593e-13
1e-16 5.18835343654 0.0852015617142 2.09975931292 0.433844929448 1.00338070709 0.00845600635019 1.00040836723 0.252355630976 -3.36727568131 0.541732682299 -0.0004002912287911658 -0.05464354611301634 0.16971030511852978 0.00033677327364484697 -0.0011292523583753308 -0.0512440939882239 -442.431776513 42.8751538536 -29.1903040809 445.461816027 13.1581069803 15.2421533854 13.8875819642 5146.15193530761 6.810026705414665e-13
1.778e-16 5.18850938122 0.0778821620952 2.1124631364 0.529199064139 1.00286771927 0.0100386771045 0.993421411187 0.283004681613 -3.34212334504 0.652883776945 -0.0005119079823828148 -0.07668616052877601 0.25184786230296446 0.0004117066121663166 -0.0015203002010311909 -0.06741642149647818 -442.442585658 42.8496351651 -29.2172006258 445.471859549 13.1616059349 15.0747198196 13.8287492711 5126.680403504371 6.817369058792666e-13
3.16e-16 5.18858087853 0.0734426797876 2.12130406015 0.665260678279 1.0025514582 0.012402651315 0.988813050689 0.336807015859 -3.32514500572 0.814962180979 -0.0007083978975435798 -0.11654883423877573 0.3969516296440503 0.0005604682476076742 -0.0022155198616533116 -0.09769598884686881 -442.448917206 42.8339490371 -29.2336285908 445.477717251 13.1651349155 14.9705764031 13.7932315833 5116.078639607664 6.821680228721393e-13
5.62e-16 5.18861481065 0.0708182783746 2.12720246076 0.855878794082 1.00235665701 0.0157726706464 0.985914055255 0.418662577518 -3.31400439162 1.04496877918 -0.0010600309841864734 -0.18821887691742295 0.6564553074102197 0.0008364489331071907 -0.0034568655995812405 -0.15299235242464132 -442.452584584 42.8246168964 -29.2433703187 445.481101871 13.1676627877 14.908252467 13.7723234326 5110.231249487669 6.824309617296267e-13
1e-15 5.18863160188 0.0692973670283 2.13053151131 1.11697226458 1.00224802162 0.0204560373693 0.984264089605 0.53550855903 -3.30773482614 1.3605715765 -0.0016915791078401458 -0.3159982231486671 1.116709174048142 0.0013362926586017395 -0.00567779085004558 -0.25182769063027943 -442.454665859 42.8192406177 -29.2489715768 445.483019929 13.1692556209 14.872081052 13.7602977443 5107.001553230919 6.825747766418752e-13
1e-17 5.15328561048 0.164431452514 1.72424040554 0.142408294874 0.991764288117 0.00473463555247 0.160225858726 0.301643990468 -0.75919209098 0.292199215349 8.401374103629553e-05 -0.0036587928642428137 -0.0032169810511932656 0.0003098429100963496 -0.00022185298978982137 -0.017744534334176415 -442.143250603 43.6168451243 -28.3570307949 445.193446075 12.6336651365 20.2151739302 15.5763950321 6476.075707703813 5.901553128865383e-13
