1e-18 4.96169146892 0.209886134067 1.12586549562 0.0554189480806 1.00310801904 0.00689555583517 -0.405294051064 0.622896695253 -1.47970143208 0.600718024272 -2.3771241784788083e-05 0.00018296078884836496 0.0007619186816805139 5.768970645017666e-05 -0.00016475064074773416 -0.033673001534126584 -435.97278065 25.028808102 -4.12428494464 436.710105709 28.5657239814 28.6449100415 28.5921437021 1614.0601605909962 2.0362067495618324e-14
1.778e-18 4.969792469 0.161036119965 1.13145877911 0.0467872595562 1.00332361216 0.0057004203462 -0.398232734539 0.479189263393 -1.45116006234 0.462055703759 -2.432748349455765e-05 0.00020995922923998638 0.0006460275158007167 3.3852632282653156e-05 -0.00012864768785228405 -0.01953767808052817 -435.930316654 24.8310772147 -4.09483047793 436.656147341 28.4655110437 28.2909802517 28.4074532565 1461.3222578630766 2.0443398553131416e-14
3.16e-18 4.97857255932 0.125065432063 1.13889645823 0.0415658785292 1.00362035477 0.00493989774836 -0.394032242681 0.375260374406 -1.44006477707 0.361785278863 -2.5612390700153014e-05 0.00023454536056962533 0.0006175617932766135 1.9569418654685065e-05 -0.00010856019722504483 -0.011577050918901995 -435.865895094 24.769880824 -4.09576033328 436.588365345 28.3277182807 27.8403002829 28.1661828311 1280.3964387888639 2.067521715473654e-14
5.62e-18 4.98632428936 0.0987058151817 1.14773157152 0.0390879782936 1.00397306336 0.00452815984298 -0.391122823143 0.302104055694 -1.43815155286 0.291231366008 -2.798433062594772e-05 0.00025898918008967993 0.0006322726382494934 1.0538760806554996e-05 -0.00010031049365405192 -0.007064714883198925 -435.791267455 24.7791303406 -4.11297322853 436.514548027 28.159221685 27.3351570324 27.8872392669 1096.0262944759565 2.111621393278993e-14
1e-17 4.99161906638 0.0796370978675 1.15706057598 0.0389746320575 1.00432403832 0.00441350202372 -0.388468312491 0.25357519347 -1.43983634064 0.24447357059 -3.2126478184096314e-05 0.0002900458284129648 0.0006860027179537961 4.2473225880667294e-06 -0.00010204273721569677 -0.004501630907568945 -435.719911761 24.8172340734 -4.13499753057 436.445683696 27.971106744 26.84873584 27.60205452 936.756771374852 2.1744635267399448e-14
1.778e-17 4.99431517837 0.0661813162412 1.16604992951 0.0411591875208 1.00460796397 0.00457873019601 -0.385286891275 0.22559365904 -1.4408774951 0.217590629403 -3.931271596769938e-05 0.0003367498800245133 0.0007925748845741321 -1.0398372112969454e-06 -0.0001146539286566061 -0.003055269552303154 -435.661882213 24.8598807057 -4.15329552369 436.390351802 27.7676940357 26.4503145828 27.3356227028 818.6207783824123 2.245876764018452e-14
3.16e-17 4.99529895332 0.0569987099148 1.17453724155 0.0459241570945 1.00479516884 0.00504391932472 -0.380934921813 0.215542960855 -1.43848012447 0.208119359798 -5.194251515097616e-05 0.0004103269628526959 0.0009797659969723188 -7.081014157096413e-06 -0.00014239535799225882 -0.0022630487265373317 -435.62028902 24.8969134148 -4.16311197476 436.351033005 27.5365628284 26.1725377391 27.0895202154 740.4375581817833 2.3171144245824188e-14
5.62e-17 4.9955267127 0.0509748097188 1.18313200564 0.0539046215071 1.00489341659 0.00586697887022 -0.374989516736 0.222128707328 -1.43130825899 0.214978494286 -7.448526694594266e-05 0.0005238088294159942 0.0012911655532343346 -1.65020681110798e-05 -0.00019427351879611253 -0.001889748275271985 -435.593128854 24.9273056631 -4.16267749099 436.325649437 27.2503840196 26.0127537429 26.8441813417 692.4109420689465 2.388600233394928e-14
1e-16 4.99556263126 0.0471790017409 1.19290918789 0.0660582010057 1.00491864684 0.00713827158507 -0.367569192733 0.245107114117 -1.41924431439 0.238332472252 -0.00011514873720816451 0.0006909846216622337 0.001789592421739878 -3.397560773089289e-05 -0.0002863824914491603 -0.0018512908927421747 -435.576587171 24.9536477824 -4.15201536785 436.310539709 26.8795063405 25.9509351893 26.5735881369 664.3539224250148 2.4699696361016557e-14
1.778e-16 4.99561657796 0.0448623114098 1.2048848291 0.0836771167118 1.00488763613 0.00897868464991 -0.359720635895 0.285079334408 -1.40385355153 0.279587639605 -0.0001888336289586161 0.0009290478394452025 0.0025672651236083566 -6.803465385304753e-05 -0.0004456145327027567 -0.0021666092125279582 -435.567084256 24.9786102466 -4.13236310002 436.30229461 26.4097924933 25.9624077977 26.2615111125 648.7332250206923 2.574839433673557e-14
3.16e-16 4.99571135564 0.0434700605598 1.21953432013 0.108571186747 1.00482151823 0.0115564169488 -0.353252645494 0.343848887303 -1.38858059837 0.341938640455 -0.0003229881863594006 0.0012746955301505198 0.003785017477285754 -0.0001338228085934733 -0.0007169912082126557 -0.00291939112986628 -435.56194675 25.003420997 -4.10619042788 436.298339806 25.8550129612 26.0226104479 25.9109992408 640.6982298004169 2.7128058257605576e-14
5.62e-16 4.99580803899 0.0426365152952 1.23633695838 0.143245588895 1.00475145049 0.0151076525648 -0.349793239915 0.425077157926 -1.37795135704 0.430959062181 -0.0005683132069897082 0.0018193674877204065 0.005771679969247522 -0.0002574876260428686 -0.0011776282123657016 -0.004250803266019092 -435.559408564 25.0275625724 -4.07712452026 436.296917502 25.2603239405 26.1082224401 25.5460839147 637.2807594427948 2.88002137608523e-14
1e-15 4.99587245051 0.0421385074488 1.25356688848 0.190910917938 1.00471089845 0.0199460468758 -0.349625752909 0.534947029514 -1.3752821119 0.55462374021 -0.0010163620444829126 0.0027597364907488344 0.009224868766148859 -0.00048314348239756656 -0.0019626304214829583 -0.006437580000807305 -435.558340569 25.0493131053 -4.04931676041 436.296840571 24.6932905736 26.1979468988 25.2048250699 636.5377691310258 3.055085174344028e-14
1e-17 4.99161906638 0.0796370978675 1.15706057598 0.0389746320575 1.00432403832 0.00441350202372 -0.388468312491 0.25357519347 -1.43983634064 0.24447357059 -3.2126478184096314e-05 0.0002900458284129648 0.0006860027179537961 4.2473225880667294e-06 -0.00010204273721569677 -0.004501630907568945 -435.719911761 24.8172340734 -4.13499753057 436.445683696 27.971106744 26.84873584 27.60205452 936.756771374852 2.1744635267399448e-14
