1e-18 5.95386848438 0.209829291896 1.12162810702 0.047019623082 1.00479021625 0.00664180401479 -0.282232101073 0.605794517208 -1.91416476443 0.586598128351 -1.6991581921130142e-05 -0.0006846687290926692 0.0012363436835146047 -2.0967462060362805e-05 -9.384792726284452e-05 -0.03684849792836467 -433.448983897 27.5183829171 -2.03754542267 434.326414844 30.5712469101 32.5182683427 31.2337427114 554.0220276013641 1.748204064390306e-14
1.778e-18 5.9567293404 0.159108806399 1.12454938496 0.0395987086195 1.00460980841 0.00541379975615 -0.289348255083 0.462365454734 -1.74245581156 0.447470836721 -1.6976523552743176e-05 -0.000632858350195725 0.0009280786473589915 -1.5943173470046236e-05 -8.069940398214385e-05 -0.021402781373846675 -433.502547764 26.2557051918 -2.08135556888 434.301914587 30.5253874214 32.2927127647 31.125647796 505.00761397575747 1.7481861485817617e-14
3.16e-18 5.95812482581 0.121452749722 1.12849458804 0.0349046216063 1.00441880574 0.00460148350019 -0.295370354131 0.357466903766 -1.64531356761 0.345778331971 -1.733874159146409e-05 -0.0006070290312860033 0.000829562084727029 -1.569738189693606e-05 -6.548749634857081e-05 -0.012704735154164547 -433.51127951 25.578946935 -2.10039942211 434.270334776 30.4418143683 32.0089977341 30.9730208408 455.6055319901359 1.7503057619150614e-14
5.62e-18 5.95854071676 0.0936057954112 1.13322922197 0.0322899343442 1.00423151967 0.00411133967767 -0.300906197127 0.282225588339 -1.58770517413 0.272840187203 -1.816953431176979e-05 -0.0006010270542400751 0.0008044256636218062 -1.6777383634091232e-05 -5.546594717474196e-05 -0.007808683585512148 -433.496065082 25.2131602437 -2.10533928975 434.233778447 30.3347207672 31.6865994785 30.7919424231 406.1023512925166 1.757889642762271e-14
1e-17 5.9580180272 0.0732233422093 1.13812807773 0.0313408301953 1.00406854107 0.00387915567024 -0.30612687413 0.230466954735 -1.55241739459 0.222647803207 -1.971896962165201e-05 -0.0006175667003562673 0.0008217023317680776 -1.8478008533854882e-05 -5.105641495195002e-05 -0.005072967529393464 -433.47142948 25.0168678407 -2.10379077256 434.197823333 30.2213298433 31.370884583 30.6093120609 362.7589633944774 1.7713934037670724e-14
1.778e-17 5.95688861565 0.0585870440352 1.14256256698 0.031885243932 1.00395323967 0.00386975180907 -0.311009969669 0.19791410445 -1.53035144119 0.19104582214 -2.2479136380401228e-05 -0.0006661174808219091 0.0008858821397079095 -2.1010161906673327e-05 -5.197029491975887e-05 -0.003579483570567928 -433.447414103 24.912663857 -2.09994442096 434.1678378 30.1143703981 31.1074999406 30.4490129096 330.1694871686846 1.787721659598487e-14
3.16e-17 5.95564789899 0.0483456738384 1.14634643649 0.034007395922 1.00389000084 0.00408034596449 -0.315843532328 0.18164603489 -1.51574186728 0.175192960528 -2.7401709542336856e-05 -0.0007630342129263103 0.0010183916985605026 -2.4992542870947615e-05 -5.8953556613787515e-05 -0.0028125122925693703 -433.428777303 24.8572972159 -2.09566902856 434.146037697 30.0143055996 30.9171285284 30.3182338849 308.42494931193494 1.803158253389526e-14
5.62e-17 5.95461830458 0.0414218063603 1.14973000101 0.0380391591419 1.0038764138 0.00454298299818 -0.321275927238 0.180066168492 -1.50470541627 0.173531403536 -3.6285497648910425e-05 -0.0009333112864766636 0.0012564109275976453 -3.143772769496505e-05 -7.476864254879949e-05 -0.002488289389777296 -433.416215521 24.8274358241 -2.09124199682 434.131766564 29.9106189893 30.7961384476 30.2086764574 295.0451764804324 1.816119782272572e-14
1e-16 5.95388337404 0.0369337131788 1.15317439284 0.0445043310521 1.0039092815 0.00531950387969 -0.328084728014 0.192742714807 -1.49456358745 0.185637708067 -5.2498011418107804e-05 -0.0012109400075518612 0.0016557670546710776 -4.177174874603667e-05 -0.00010549877588811809 -0.002439536686054578 -433.40861592 24.8109304128 -2.086234442 434.123211768 29.7880628516 30.7302458953 30.1054003444 287.2914976873416 1.8273139628688243e-14
1.778e-16 5.95339528283 0.0341445269091 1.15710162786 0.0540645571375 1.00398537227 0.00649487753797 -0.33680409636 0.220202736215 -1.48367245789 0.212030574909 -8.227042420670654e-05 -0.0016363655014803612 0.002294077028392665 -5.785616451882865e-05 -0.00016286640635849143 -0.0025281456467308445 -433.404517153 24.8014651053 -2.08018385124 434.118549851 29.6342561191 30.7041995509 29.9951448378 283.0659213082388 1.8387305797481704e-14
3.16e-16 5.95307422983 0.0324656168352 1.16169016358 0.0675834342216 1.00409787597 0.00818264915978 -0.347327207804 0.264141128686 -1.47149296892 0.254382815335 -0.00013715954395606076 -0.0022587501110067298 0.0032841589829092164 -8.224658922542454e-05 -0.00026863454585285485 -0.0025814978570514774 -433.402680954 24.7957380152 -2.07298435299 434.116355077 29.4469559538 30.7049735499 29.8721823251 280.9656689293447 1.852550734675575e-14
5.62e-16 5.95285659017 0.0314770300012 1.16674529136 0.0862575176174 1.00423276108 0.0105369853331 -0.358723844982 0.327887703514 -1.45862944412 0.315975921881 -0.00023833747208335652 -0.003154189230504019 0.004812731136051608 -0.000119137721833044 -0.00046222791175854394 -0.002356049465826209 -433.402194404 24.7920716718 -2.06510981822 434.115622399 29.2387177297 30.721669423 29.7412519412 280.1032562221542 1.8699129377869158e-14
1e-15 5.95270417064 0.0309044267411 1.1717583095 0.111721447003 1.00436405203 0.0137615635661 -0.369524735445 0.416738766787 -1.44631949654 0.401989307424 -0.0004236404436447684 -0.0044718410620949965 0.007223602468128006 -0.00017641331416973056 -0.00081322391056974 -0.001520304051401773 -433.402401643 24.7896486192 -2.05745193011 434.115654563 29.0341089563 30.7449359089 29.6153679127 279.9077898241603 1.8898571042695256e-14
1e-17 5.9580180272 0.0732233422093 1.13812807773 0.0313408301953 1.00406854107 0.00387915567024 -0.30612687413 0.230466954735 -1.55241739459 0.222647803207 -1.971896962165201e-05 -0.0006175667003562673 0.0008217023317680776 -1.8478008533854882e-05 -5.105641495195002e-05 -0.005072967529393464 -433.47142948 25.0168678407 -2.10379077256 434.197823333 30.2213298433 31.370884583 30.6093120609 362.7589633944774 1.7713934037670724e-14
