1e-18 4.7455552869 0.253353127466 1.16451217614 0.0710233992463 1.0084200855 0.00766566029817 -0.527157482468 0.689007967342 -0.915592237205 0.671594083142 -2.995420717587024e-05 -0.00017873553623778946 -0.0009639915167984219 0.0002603727216123056 -0.0002848851225561718 -0.04092922857832412 -426.515146082 25.8938934868 -4.78365688817 427.327212953 26.856728166 25.1945928562 26.3143509943 2791.7775551018085 2.264700025788893e-14
1.778e-18 4.76770937807 0.19467088799 1.17440090373 0.0596147843487 1.00876710781 0.00631445637621 -0.515226333068 0.529826931764 -1.01845341114 0.516043224292 -3.069683527284074e-05 -6.830702797898108e-05 -0.00013474093978170845 0.00014469714629549677 -0.00019951568438321442 -0.023830615782423438 -426.349678951 26.6165848104 -4.70389321645 427.205592122 26.7495872542 24.8015139529 26.1163801148 2440.6555857827057 2.3015157370710882e-14
3.16e-18 4.79314316995 0.15114370207 1.18780188002 0.0526305639783 1.00921343836 0.00544376430515 -0.507218118341 0.413861623982 -1.08545757565 0.402719432594 -3.245968113181117e-05 3.282595883081779e-06 0.00022626249824469414 8.062967745889853e-05 -0.0001631574596804678 -0.014198908651025107 -426.164475753 27.04211543 -4.65407461092 427.046949188 26.6187303523 24.2618901138 25.8569972672 2021.235848543894 2.3696378862506033e-14
5.62e-18 4.81800274917 0.1186797082 1.20471802414 0.0491331686373 1.00966974743 0.00494894551137 -0.502332412826 0.331013908246 -1.13468378244 0.321876232756 -3.555995109107488e-05 4.669936606824797e-05 0.00041727183865993006 4.405293912829424e-05 -0.0001502462703674697 -0.00869474836118591 -425.961133461 27.3143440862 -4.62597277576 426.861054954 26.468495665 23.6177818949 25.5536177946 1591.3541035296369 2.4775268547885393e-14
1e-17 4.83737363037 0.094451538507 1.22366388402 0.0484385172359 1.00992460202 0.00475497182321 -0.500304278163 0.274353740528 -1.17103327524 0.266801015028 -4.0336346187994905e-05 7.583733662974991e-05 0.0005522955508142829 2.2454173965900427e-05 -0.0001517007942867801 -0.005519525535682838 -425.761344353 27.4991117906 -4.61577265045 426.673445215 26.31394086 22.9625525863 25.2462920607 1227.176932883354 2.6132777013001655e-14
1.778e-17 4.84917027481 0.0766041313249 1.24202283635 0.0501698746757 1.00980859273 0.00481843337981 -0.500316748683 0.239363923722 -1.19396331731 0.233059610407 -4.745017862596779e-05 0.00010166347005928531 0.000686495031130748 8.956868776639125e-06 -0.00016585380433589722 -0.0036935754662985668 -425.592054933 27.6254087816 -4.61764233752 426.512699756 26.1717638982 22.3994578839 24.9777111613 971.0853726229352 2.7452104367865794e-14
3.16e-17 4.85493651946 0.0638127999349 1.25743105904 0.0543950607603 1.00939491997 0.0051377997168 -0.501220299032 0.223280545565 -1.20480895723 0.21790212871 -5.8572636429480935e-05 0.00013263284846638313 0.0008626634665211692 -6.249572785676748e-07 -0.00019644052152558672 -0.002668930388193099 -425.467408238 27.7090182378 -4.6247104369 426.39382396 26.0487703894 21.9840615994 24.7680966972 814.7868782894824 2.8478014216072385e-14
5.62e-17 4.8573224395 0.0550086911268 1.2690615352 0.061699590768 1.00889069283 0.00576028594465 -0.502258957976 0.224920151148 -1.2073031821 0.220169442672 -7.730575020793463e-05 0.00017731829258217164 0.0011339208248254493 -9.266264203763826e-06 -0.00025346199158670095 -0.0021414907029183613 -425.385147492 27.7620466294 -4.63264126623 426.315278057 25.9375177503 21.7138153629 24.6102920998 726.9496217655065 2.917660976927255e-14
1e-16 4.85819860476 0.0492360525693 1.27752991006 0.073089399466 1.0084402035 0.00677353999213 -0.503192926304 0.244475567334 -1.20490187525 0.24015062587 -0.000110288104716982 0.0002472437556313718 0.0015789119762336721 -1.966933498636221e-05 -0.0003561623910371074 -0.0019560307551838465 -425.334750593 27.79442524 -4.64012437751 426.267182516 25.8230470968 21.5561840974 24.4835223199 679.3200414145298 2.964892014986947e-14
1.778e-16 4.85847989991 0.0456250936965 1.28399844136 0.0898701633656 1.00807570288 0.00829386696709 -0.5040635187 0.283339919058 -1.19954229073 0.279435500585 -0.00016922938762621378 0.0003595610888321671 0.002320397218762591 -3.501900606885182e-05 -0.0005388112552365744 -0.0020614359707680397 -425.305254159 27.8137007951 -4.64735206116 426.23908672 25.692892047 21.475301832 24.368271668 653.8075633670777 3.000689544869782e-14
3.16e-16 4.85853600744 0.0434446851149 1.28939088441 0.113716613125 1.00778632285 0.0104727760281 -0.504961772702 0.344411782117 -1.19256111686 0.341230557213 -0.00027506387763135223 0.0005427869343415972 0.0035638373578600812 -5.9903841334594995e-05 -0.0008623624046776983 -0.0024987911641614863 -425.288418543 27.8250974275 -4.65459265212 426.223110855 25.5449086839 21.4424788675 24.2546532946 640.2460793308994 3.032594636012533e-14
5.62e-16 4.85850699454 0.042159806432 1.29416711161 0.146859977569 1.00753990899 0.0135121256691 -0.5059316589 0.432643485731 -1.1847892521 0.430851508178 -0.0004655551946977456 0.000849117326968475 0.005677358641690022 -0.00010176714164864087 -0.0014356396923942956 -0.003415963312789713 -425.278959549 27.8318742496 -4.6616496879 426.214192206 25.3896023682 21.4370297023 24.1440818096 633.1662257141076 3.063052761628456e-14
1e-15 4.85845096072 0.0414162966825 1.29822847063 0.192185292633 1.00735301399 0.0176770882175 -0.506886054553 0.55543715508 -1.17789707496 0.555993855886 -0.0008074569472889285 0.0013756082483012517 0.009323751132781017 -0.00017354411292288952 -0.0024518299075603485 -0.005118709360619421 -425.27371966 27.8359272667 -4.66791844656 426.20929711 25.2458938763 21.4443044096 24.0455713652 629.5867940008345 3.0914862551775677e-14
1e-17 4.83737363037 0.094451538507 1.22366388402 0.0484385172359 1.00992460202 0.00475497182321 -0.500304278163 0.274353740528 -1.17103327524 0.266801015028 -4.0336346187994905e-05 7.583733662974991e-05 0.0005522955508142829 2.2454173965900427e-05 -0.0001517007942867801 -0.005519525535682838 -425.761344353 27.4991117906 -4.61577265045 426.673445215 26.31394086 22.9625525863 25.2462920607 1227.176932883354 2.6132777013001655e-14
