1e-18 4.9167895316 0.253641732918 1.15957051342 0.068529804797 1.01324001813 0.00751601122355 -0.298393547861 0.674324060622 -1.44298749866 0.653221507059 -3.2429705770791606e-05 -0.0005671969116948406 0.0008811161822460814 0.00043711887551898566 -0.00038937479755037346 -0.047715712686260195 -432.623674176 24.3649532 -9.74061127177 433.418705076 25.9957486658 26.0307447144 26.0074192477 2399.2492409923125 2.8320449124992137e-14
1.778e-18 4.94334091149 0.195679106165 1.17086270629 0.0579079257431 1.0130962831 0.00620124635447 -0.299371602644 0.517089208335 -1.40578294211 0.501719074128 -3.309452044139296e-05 -0.00035944846964627175 0.0006579099664056009 0.000251353969132669 -0.00026700956882731567 -0.02782825800937037 -432.645002627 24.0584319823 -9.7206827861 433.422424571 25.9113761405 25.513998336 25.779597476 2047.1238854208946 2.880758002056851e-14
3.16e-18 4.97475768047 0.152523078088 1.18712583932 0.0515645577513 1.01293943499 0.00535575420869 -0.301013036745 0.402078909624 -1.39924677334 0.39111771826 -3.487352806543941e-05 -0.00024748584231033154 0.000618017941777316 0.00014590222654248957 -0.00019897658006513177 -0.01661104294971796 -432.654006326 23.9630106451 -9.69879741086 433.425635767 25.7918462914 24.8225996885 25.4728621971 1620.996922738168 2.9800189991429916e-14
5.62e-18 5.0050778464 0.119968639244 1.20815069781 0.0485444816469 1.01270613082 0.00487245647765 -0.303443483327 0.319161534183 -1.40984783607 0.311657666055 -3.786005757876511e-05 -0.00019070196874725084 0.0006445572062264204 8.610991538108246e-05 -0.00016425137177180607 -0.010247878565682558 -432.660199438 23.9755654124 -9.68045416586 433.432102073 25.6497318344 24.0085281722 25.1145834881 1187.4742696161138 3.1444407428275026e-14
1e-17 5.02736221105 0.0951872875116 1.23151997947 0.0480702082309 1.01225821286 0.00466797553135 -0.306287229831 0.261448625233 -1.42610243515 0.256745474864 -4.2129312093502425e-05 -0.0001660676278965296 0.0007061996975667972 5.2329024933453183e-05 -0.00015050826828356183 -0.006646422207771706 -432.667616464 24.0301297165 -9.66928329477 433.442278176 25.5120810569 23.1961803854 24.764190169 830.348058760646 3.3535367142797685e-14
1.778e-17 5.03940155615 0.0764836297737 1.25328374686 0.0496367082261 1.01151238167 0.0046870421428 -0.308892270474 0.224427669563 -1.43862935633 0.222076695899 -4.7982334799753224e-05 -0.000160762826466438 0.0008029350183630332 3.337890374124933e-05 -0.00015189231937437072 -0.004655691207461025 -432.675432845 24.08790832 -9.66482012416 433.453188087 25.4088998804 22.5164515359 24.4827488655 590.1764072507858 3.5529804701612496e-14
3.16e-17 5.04418659424 0.0627414938794 1.27022911285 0.0532084375516 1.01063538095 0.00491838917596 -0.310759478466 0.205233483087 -1.44516631757 0.204919829899 -5.666901871328558e-05 -0.0001698445836770881 0.0009565942435210761 2.297163916039816e-05 -0.00016806157434189054 -0.003645853954787412 -432.681713783 24.133447108 -9.66414199368 433.46197567 25.3587727881 22.0249095946 24.2983631636 450.17680660569056 3.7005789180279953e-14
5.62e-17 5.0455346716 0.0530490583822 1.28141203642 0.0593010791363 1.00986705227 0.00540238515975 -0.311792132918 0.202549763942 -1.4484335699 0.204052357077 -7.110949740366512e-05 -0.00019476172164202695 0.0012155071931285882 1.7846967258750666e-05 -0.00020435908015815256 -0.0033035679931543243 -432.68593791 24.1649783096 -9.66497376138 433.467967397 25.367832976 21.7007552512 24.2072763047 374.0118633659097 3.7905595070964883e-14
1e-16 5.04570408831 0.046542668295 1.28756159115 0.0688518952883 1.00932638417 0.00621936747258 -0.312182737907 0.216572932314 -1.45186696572 0.219757083114 -9.651330460202106e-05 -0.0002421132397370611 0.001666729312300094 1.6767879835719306e-05 -0.0002735174365836471 -0.0035345966610573396 -432.688602345 24.1855538782 -9.66630801821 433.471804303 25.4393050754 21.4930677475 24.1955123018 333.15568330034716 3.836650680854775e-14
1.778e-16 5.0456086424 0.0423858040212 1.29002209693 0.08307519293 1.00898491131 0.00747499621437 -0.312308339823 0.248972466791 -1.45722661377 0.253746885005 -0.0001418882580158754 -0.00032492905666662376 0.002461032535375003 2.026666175165573e-05 -0.00040001552959582784 -0.004440957245380266 -432.690344863 24.1988946809 -9.66789400843 433.474323594 25.5762804817 21.3543946516 24.2507897981 310.86015767072087 3.85418716914795e-14
3.16e-16 5.04552217707 0.0398314439639 1.29000961908 0.103480211363 1.00880366246 0.00930403801241 -0.312716963311 0.3031339988 -1.46594747337 0.30935589807 -0.00022318514455645392 -0.0004722221113478032 0.003859020537879536 3.100616529892127e-05 -0.0006296995609158137 -0.0063825713638399435 -432.691607777 24.2079484051 -9.66971652438 433.476130397 25.7743081625 21.2523455154 24.3604331681 298.27537753254 3.85692675588062e-14
5.62e-16 5.04548795206 0.0383050393749 1.28870759666 0.132055996774 1.00872441373 0.0118828317449 -0.313864533704 0.384354683798 -1.47760997167 0.391734080246 -0.0003691565576141321 -0.0007488370736168417 0.006319402924160219 5.438304059573478e-05 -0.0010472895815588385 -0.010143733040269061 -432.692603709 24.2144716566 -9.67166707271 433.477532389 26.0082288931 21.171028558 24.5021658261 290.93466836816077 3.8561898921420146e-14
1e-15 5.04548569468 0.0374118608437 1.28714018446 0.171410025414 1.00869028586 0.0154401053235 -0.315695726571 0.499669279669 -1.48989832139 0.507846065395 -0.0006308547068419763 -0.0012798163961573411 0.01065734643381173 9.944193753005538e-05 -0.0018041504629196909 -0.017213381511820156 -432.693383256 24.2192352604 -9.67348775807 433.478617276 26.2342659222 21.1067855265 24.6439296935 286.60182179935543 3.858367167174502e-14
1e-17 5.02736221105 0.0951872875116 1.23151997947 0.0480702082309 1.01225821286 0.00466797553135 -0.306287229831 0.261448625233 -1.42610243515 0.256745474864 -4.2129312093502425e-05 -0.0001660676278965296 0.0007061996975667972 5.2329024933453183e-05 -0.00015050826828356183 -0.006646422207771706 -432.667616464 24.0301297165 -9.66928329477 433.442278176 25.5120810569 23.1961803854 24.764190169 830.348058760646 3.3535367142797685e-14
