1e-18 4.09093849302 0.189357112098 1.14646094367 0.0628124099026 1.00776249003 0.00656012294476 -0.405341771445 0.578708059345 -0.810117881103 0.571310213011 -1.457477614662614e-05 1.6210805613157865e-05 -0.000752097572766137 5.429495601660683e-05 -0.00048372170133298805 -0.021624870416175078 -442.985997287 16.9570618365 2.64650739117 443.318327773 29.5161244854 24.9963557346 28.0904551363 4710.025379357688 2.122614511931435e-14
1.778e-18 4.11548845584 0.14679392431 1.16112414795 0.0542017803652 1.00827450014 0.00548206926557 -0.424467188874 0.453069417769 -1.03032119316 0.447147346778 -1.8061715120171208e-05 3.767875274911459e-05 0.0003278238036960099 3.1640928122730426e-05 -0.00028813233084664075 -0.013379513379554873 -442.646833319 18.7236298573 2.52944331837 443.04987467 29.3212771842 24.6217937926 27.8430561121 4054.683520695677 2.1800096180074596e-14
3.16e-18 4.13870513254 0.115353377369 1.17864648704 0.0494059087584 1.00853926405 0.00482458903749 -0.443840425226 0.3628384985 -1.14740884654 0.357978445171 -2.117744745114848e-05 6.469985236369167e-05 0.0007542651750038293 2.246161206551246e-05 -0.00019613749968240402 -0.008328424039260103 -442.312519799 19.6998317096 2.41375696986 442.757580131 29.1061771793 24.119456424 27.5444324572 3403.693505279563 2.2633358734937023e-14
5.62e-18 4.15941763617 0.0920986946352 1.19926641149 0.0477284386243 1.00850533927 0.00450305099254 -0.462989638539 0.300376636156 -1.20708271776 0.296324622276 -2.5017113160487133e-05 0.00010167070134680113 0.0009747533342083693 1.965578008601814e-05 -0.00015315823832885207 -0.005217393724717032 -441.979488385 20.246329652 2.29821298895 442.448939201 28.8848068156 23.5353403373 27.2187213412 2797.2355734426255 2.3719561697308226e-14
1e-17 4.17457491391 0.0750206897459 1.22056290333 0.0487397847122 1.00809494801 0.00446333183715 -0.479816674628 0.260797631757 -1.23423724271 0.257385001227 -3.0233539146400644e-05 0.00014881547949762856 0.0011627715877828922 2.0400302954127284e-05 -0.00013756271875993724 -0.0032612556983231916 -441.678423884 20.5561314615 2.19364583669 442.161957598 28.6953724996 22.9582282755 26.9191942136 2321.282421382832 2.4863225680383804e-14
1.778e-17 4.1833852307 0.0627817415782 1.23878187574 0.0523615216971 1.00741349705 0.00468566173611 -0.492817286136 0.241496276396 -1.24477066569 0.23853831964 -3.789526729850112e-05 0.0002084385996181907 0.0014165779719330696 2.3782080022471854e-05 -0.00014220418854576426 -0.0019858641676949542 -441.442783364 20.7357192429 2.11010223679 441.934558015 28.5750373782 22.477393441 26.6976824103 2010.399861206671 2.58037310620468e-14
3.16e-17 4.18766341684 0.0543432780295 1.25157289726 0.0589684514573 1.00669209644 0.00519485756072 -0.502024633683 0.241575506272 -1.24900247584 0.238771505455 -5.049602414751968e-05 0.0002881782782389792 0.0018296778865557616 3.0311309899828484e-05 -0.00016877967142590688 -0.0010775801219701042 -441.281043529 20.8429965529 2.04886574852 441.777758306 28.5369618675 22.1285029983 26.5730880792 1832.149666958456 2.6426581668461266e-14
5.62e-17 4.1895831983 0.0487889591903 1.2589201893 0.0693524212047 1.00607883934 0.00605827023546 -0.508428830385 0.261781191973 -1.25255265177 0.258597425277 -7.294588682284017e-05 0.0004016044551910301 0.0025265752661243913 4.19775651842228e-05 -0.00022777793506369178 -0.0002998232423293332 -441.179405084 20.9088644511 2.004040101 441.679141753 28.576258306 21.8935341669 26.5363393347 1735.4632367666504 2.6771428396280298e-14
1e-16 4.19047531202 0.0453006359681 1.26205492698 0.0845976105612 1.00559209142 0.00737287205786 -0.513025746052 0.304513583061 -1.2576598607 0.300014160403 -0.00011418229700091205 0.0005693076084814811 0.003692527942975766 6.282590427829411e-05 -0.00034251792311616996 0.0005592317160270964 -441.118480085 20.9506447336 1.96863234834 441.62010654 28.6808406793 21.736319791 26.5684577535 1683.0632367503497 2.6926347677330094e-14
1.778e-16 4.19094377877 0.0431945797371 1.26245523024 0.106068698865 1.00521051355 0.00926173532189 -0.51638290952 0.373787330994 -1.26473650078 0.366476510947 -0.00019009164252021366 0.0008281859094927453 0.005616333365896911 0.00010056372143765771 -0.0005576769806010552 0.0017489769933292326 -441.082678419 20.9783134823 1.93855100633 441.585526051 28.8289047479 21.6273666885 26.6455405137 1653.9876752910623 2.6975269505655462e-14
3.16e-16 4.1912230669 0.0419550045409 1.2615340858 0.13568561396 1.00490447409 0.0118917501327 -0.518704762197 0.475612233771 -1.27242763108 0.463433502759 -0.0003288853588903942 0.0012557041898717638 0.008804499518511592 0.00016962769456011 -0.0009548469791033475 0.0036599302899591388 -441.061694466 20.9972218021 1.91308681397 441.565353656 28.9880376273 21.5497727679 26.7395173063 1637.4074367082162 2.6979355367089236e-14
5.62e-16 4.19139817929 0.0412367547973 1.26024466344 0.17615158553 1.0046868835 0.0154979690206 -0.52019634789 0.618558641203 -1.27974008591 0.599109789243 -0.0005800740059574584 0.002003429960956605 0.014202847418977423 0.00029612634076146675 -0.0016788847174953234 0.006983710634428513 -441.049432323 21.0100311073 1.89315762681 441.553628912 29.1272345421 21.4955947003 26.8256853014 1627.8438762775324 2.697605395911157e-14
1e-15 4.19150664896 0.0408255309696 1.2591708471 0.231079906168 1.00452979616 0.0203896733669 -0.521052883062 0.814251038864 -1.28514841152 0.784866906597 -0.0010311306207221307 0.0033391568985374296 0.02356649252365025 0.0005253654550582196 -0.0029838919277349442 0.012901479111472807 -441.042314771 21.0183493922 1.87906564543 441.546855178 29.2310457916 21.4597129424 26.8913081107 1622.3393749395138 2.6973201080876455e-14
1e-17 4.17457491391 0.0750206897459 1.22056290333 0.0487397847122 1.00809494801 0.00446333183715 -0.479816674628 0.260797631757 -1.23423724271 0.257385001227 -3.0233539146400644e-05 0.00014881547949762856 0.0011627715877828922 2.0400302954127284e-05 -0.00013756271875993724 -0.0032612556983231916 -441.678423884 20.5561314615 2.19364583669 442.161957598 28.6953724996 22.9582282755 26.9191942136 2321.282421382832 2.4863225680383804e-14
