1e-20 1.63908638528 2.93990860933 0.496515150595 0.890951421905 0.975114764944 0.176663659443 -29.4925010611 1.97855846386 5.98752226907 2.5296423899 -384.121817706 -18.5821782092 -252.20974743 459.896319711 16.744620387 33.302384829 23.5924667293 295791.23969957087 4.3933014326243644e-13
5e-20 1.80418850605 1.43302142044 0.544241858897 0.432670449933 0.980382858662 0.0783815516133 -29.387581682 2.01422260294 5.35312705303 2.53134743509 -383.696618402 -14.233736142 -250.666244055 458.540358231 16.7252603849 33.212485374 23.5410128259 288610.0121120104 4.3963967856580487e-13
1e-19 2.09549870419 1.14447173515 0.628720252929 0.344511156765 0.9875432953 0.0539695543507 -29.2209746029 2.06788290831 4.35076719368 2.50658919544 -383.139691017 -7.38224738374 -248.409218759 456.681136433 16.7042346185 33.0409460618 23.4504230597 276312.86198697955 4.4021862139705034e-13
1.5e-19 3.67772214735 0.978827569785 1.03773727102 0.281247619947 1.02744752047 0.0210010398796 -2.25325736967 1.9130820689 -0.372242753286 1.81766617254 -441.139374643 31.8085658257 -44.2847167427 444.496196674 17.7511563229 27.5677863067 21.5266497119 76655.85025887494 4.757025095753459e-13
2e-19 4.02938661034 0.859516309742 1.14128101834 0.251228838993 1.02976008283 0.0175446572679 -1.47298378711 1.59009240549 -0.859934179429 1.54619150772 -440.893394168 35.5857582329 -38.1842259472 443.972258504 17.72050883 27.3155904411 21.4022923035 58492.87502622569 4.772610082253576e-13
2.5e-19 4.16926682976 0.773676535558 1.18395661563 0.229226693446 1.03062702619 0.0156699742726 -1.10191121615 1.41297008042 -1.12046721152 1.38670563255 -440.759644276 37.6096076269 -35.288970738 443.766670745 17.6917320856 27.1793763136 21.3284885007 51992.262168143374 4.777219498263579e-13
3e-19 4.24458314594 0.709862333424 1.20783419171 0.212908006572 1.03106886463 0.0144081458019 -0.874613303921 1.29144134022 -1.28769847499 1.27402047707 -440.670459357 38.9147086294 -33.5169688573 443.6532379 17.6626777903 27.0851802079 21.2724184516 48687.28730924202 4.778051881772605e-13
3.5e-19 4.29186848469 0.660320856329 1.2234741104 0.200346651786 1.03131520695 0.0134784902876 -0.719014037149 1.20006247295 -1.40493789895 1.18797763171 -440.606427694 39.8353969238 -32.3045605484 443.581410347 17.633295716 27.0124971207 21.2253090775 46681.66556333709 4.777157801614511e-13
4e-19 4.32481324237 0.620514872774 1.23488240307 0.190367116055 1.03144765334 0.0127577631059 -0.605615167687 1.12777430059 -1.49105586837 1.11929721295 -440.559905979 40.5173098549 -31.4212992742 443.533517563 17.6038009643 26.9523425331 21.1834556892 45308.954248656 4.775395492133849e-13
4.5e-19 4.34947108061 0.587678418071 1.24383246955 0.182252994395 1.03151247568 0.0121773125338 -0.518583827775 1.06841799129 -1.55768928974 1.06259332137 -440.523606197 41.0502930792 -30.7437330948 443.498986812 17.574027671 26.9007086456 21.1450626451 44287.18416268929 4.773229427977704e-13
5e-19 4.3690740595 0.560014706646 1.25129361993 0.175523705047 1.03152745579 0.0116986957561 -0.449810391135 1.01853913023 -1.6101702429 1.01477765673 -440.495800373 41.4755025074 -30.2085472437 443.474152326 17.5441485801 26.8547474564 21.1090167129 43471.952539439815 4.770895787387967e-13
1e-18 4.47894415009 0.412906609729 1.30226954411 0.143071579128 1.03040411783 0.00934426006897 -0.152227112974 0.752105585891 -1.81737065909 0.758581232629 -440.42395737 43.3612832308 -27.8995930483 443.431900523 17.2399339408 26.5154450435 20.796630099 38576.46679779368 4.75541296700995e-13
2.5e-18 4.8327916814 0.291488672256 1.56890103756 0.139225462319 1.01147037956 0.00748102925067 -0.0158275700198 0.508662515705 -1.42615310399 0.528737611107 -440.964694943 44.2695024812 -27.0393661562 444.005381001 15.4017261686 25.3204149076 19.283410392 21186.473279389247 5.041962879543404e-13
5e-18 5.10619217114 0.218607991834 1.69976245464 0.139730668935 0.992236956508 0.00527303312402 -0.00367961041407 0.369065491077 -0.818203161756 0.374896345152 -441.876878395 43.9640457671 -27.8176498678 444.929022007 12.7569894553 22.7084749468 16.7447145326 8409.542223625074 5.672209304233328e-13
7.5e-18 5.13263784045 0.184572600035 1.70886583812 0.140185857105 0.991333627566 0.00487351114103 0.05468974589 0.325131995192 -0.774476933566 0.322373041558 -442.030299695 43.8162054623 -28.0709917706 445.082718479 12.5936806779 21.5122897037 16.1243107793 7263.226594165722 5.790950292261288e-13
1e-17 5.15328561048 0.164431452514 1.72424040554 0.142408294874 0.991764288117 0.00473463555247 0.160225858726 0.301643990468 -0.75919209098 0.292199215349 -442.143250603 43.6168451243 -28.3570307949 445.193446075 12.6336651365 20.2151739302 15.5763950321 6476.075707703813 5.901553128865383e-13
2.5e-17 5.18216143379 0.11730771236 1.69267569518 0.168171540284 0.994443046498 0.00490838796007 0.458852659128 0.252449214478 -0.674580273394 0.240332714322 -442.339940216 43.1472943876 -28.9108853443 445.378660259 12.9358819246 17.1416805676 14.4742448855 5421.293308053909 6.13812113498789e-13
5e-17 5.18791004232 0.0999071108496 2.08484420077 0.359937888145 1.00429816078 0.00732088477178 1.01026086693 0.241796401777 -3.40087693849 0.463235060525 -442.408882995 42.9235190368 -29.1385197735 445.440345696 13.1622128563 15.5534285218 14.0047234095 5192.578653924478 6.794660747696143e-13
7.5e-17 5.18821659822 0.0903743512237 2.09295325956 0.398533036412 1.00372033928 0.00789687242386 1.00455029178 0.24469899996 -3.38158500037 0.502643988128 -442.423860439 42.8927099498 -29.1716393507 445.454421231 13.1577791562 15.355794367 13.9290431029 5161.398415551973 6.804761086393083e-13
1e-16 5.18835343654 0.0852015617142 2.09975931292 0.433844929448 1.00338070709 0.00845600635019 1.00040836723 0.252355630976 -3.36727568131 0.541732682299 -442.431776513 42.8751538536 -29.1903040809 445.461816027 13.1581069803 15.2421533854 13.8875819642 5146.15193530761 6.810026705414665e-13
2.5e-16 5.18855818758 0.0749804740042 2.11828188421 0.604293827567 1.0026584645 0.0113305692438 0.990399287694 0.311837238096 -3.33093117694 0.742284342961 -442.446748007 42.8393785882 -29.2279504589 445.475712321 13.1638127387 15.0067598879 13.8054913467 5119.64253912597 6.820242234382876e-13
5e-16 5.18860975253 0.0712428733512 2.12622142046 0.812057186912 1.00238841285 0.0149939534496 0.986389253282 0.399480679449 -3.3158500983 0.991969462067 -442.45199559 42.8261270986 -29.2417945681 445.480558626 13.1672341017 14.9183603034 13.7756981907 5111.155624818334 6.823881856830047e-13
1e-15 5.18863160188 0.0692973670283 2.13053151131 1.11697226458 1.00224802162 0.0204560373693 0.984264089605 0.53550855903 -3.30773482614 1.3605715765 -442.454665859 42.8192406177 -29.2489715768 445.483019929 13.1692556209 14.872081052 13.7602977443 5107.001553230919 6.825747766418752e-13
5e-15 5.18864688135 0.0677001271931 2.13466663314 2.4423365033 1.00212185742 0.0443529518329 0.982379150288 1.14488558226 -3.30003153686 2.97195590423 -442.456843792 42.8135640137 -29.2548796938 445.485025413 13.1710223293 14.8339180855 13.7476880985 5103.711101757073 6.827463435025699e-13
1e-14 5.18864864466 0.0674977765609 2.13520955572 3.44416573886 1.0021055954 0.0624759963631 0.98213664084 1.60983118093 -3.29902287105 4.19068024507 -442.457117673 42.8128463352 -29.2556262375 445.485277487 13.1712518959 14.829084199 13.7460963088 5103.302964223577 6.827685612740555e-13
1e-17 5.15328561048 0.164431452514 1.72424040554 0.142408294874 0.991764288117 0.00473463555247 0.160225858726 0.301643990468 -0.75919209098 0.292199215349 -442.143250603 43.6168451243 -28.3570307949 445.193446075 12.6336651365 20.2151739302 15.5763950321 6476.075707703813 5.901553128865383e-13
