1e-18 4.55113314417 0.218787127088 1.1616762221 0.0649654324068 1.01245556778 0.00781926937725 -0.48322360722 0.688262740964 -1.50188384424 0.666456625719 -2.8208278857223674e-05 0.00012298679394315707 0.0008593896741344834 -7.216228658667958e-05 -0.0002777292259566081 -0.04141132067809372 -434.962216657 26.4327293407 -1.87356548749 435.768664944 28.2608968179 28.4166027015 28.3128939236 2256.316154994321 3.4291608724284094e-14
1.778e-18 4.56567113837 0.167712864064 1.17091177359 0.0549007525212 1.01235719353 0.00646500680581 -0.489141855485 0.529798379871 -1.44977257882 0.512451372192 -2.8826105370184113e-05 0.0001737389724168159 0.0007449312166162485 -3.663098383485914e-05 -0.00020940554647652307 -0.024008901216909774 -434.76683431 26.0761198789 -1.97224754729 435.55258466 28.1585590457 27.9988668414 28.1054291283 2029.4999350451772 3.4557889805603766e-14
3.16e-18 4.58044270441 0.129958543995 1.18248554914 0.0488080082141 1.01222385105 0.0056031303629 -0.49758982064 0.415306723932 -1.42455679475 0.401257272392 -3.054258579737234e-05 0.00021396863439909986 0.0007513461130750405 -1.869378574956265e-05 -0.00016817515966392301 -0.014194738286457169 -434.513615224 25.9380833707 -2.1012854987 435.292179329 28.0232224607 27.5013738932 27.8503594242 1801.5335034157338 3.5051805381736295e-14
5.62e-18 4.59269929566 0.102185278927 1.19526623285 0.0458901909167 1.01204124573 0.00513514074042 -0.506903122466 0.334804902482 -1.41233749026 0.323177048239 -3.362267175689339e-05 0.00025197562085770036 0.0008001403737409624 -9.921733939125422e-06 -0.0001489546753715603 -0.008619984746900271 -434.243850178 25.9094852803 -2.23995588062 435.021884791 27.8657955015 26.9860278539 27.575658452 1613.9322903987238 3.576931810631389e-14
1e-17 4.60087823123 0.0820623274866 1.2077165508 0.045699896709 1.01183248441 0.00500123109168 -0.514817328608 0.281509476644 -1.40515745011 0.271599830926 -3.882924448452875e-05 0.0002970033401289147 0.0008874936978298623 -6.053066910700097e-06 -0.00014754016099792277 -0.0054389413981452955 -434.001429068 25.9274447368 -2.36118194616 434.781609551 27.6943220913 26.5299672758 27.3117198033 1488.5674922505318 3.659689635559684e-14
1.778e-17 4.60539226156 0.0678854466467 1.21875711273 0.0481594390562 1.01166650338 0.00518163958317 -0.519314387405 0.250953105395 -1.3988383101 0.242168696109 -4.770892571715048e-05 0.0003602543508370916 0.001035884803528537 -5.193364622208181e-06 -0.0001638684406819691 -0.003622430847282286 -433.813824544 25.9577198855 -2.44256992661 434.596598854 27.504475894 26.1866961807 27.0723441003 1418.1345971255482 3.739952603306038e-14
3.16e-17 4.60764341505 0.0582455262769 1.2284639257 0.053613272891 1.01160267952 0.00569966531262 -0.519183562379 0.240278091432 -1.39102251313 0.23214972819 -6.333436598568554e-05 0.0004572828683777716 0.001284791840162654 -7.071148268809968e-06 -0.00020354259320827376 -0.0025887917269929446 -433.68411444 25.9859648607 -2.4741718063 434.468989703 27.2765158383 25.9666563405 26.846997809 1381.7597970724523 3.8133458763334325e-14
5.62e-17 4.60881561797 0.0519464426768 1.23778194287 0.0628167088805 1.01166826268 0.0066218001513 -0.513956693633 0.248080044277 -1.38061765408 0.240387871611 -9.149730284424288e-05 0.0006099594993917351 0.0016953911104214646 -1.320114156518509e-05 -0.0002802112580155683 -0.002024106688440636 -433.60105846 26.0089618892 -2.45553834172 434.387354402 26.9839632753 25.8529030916 26.6122850475 1362.0897630910383 3.886454873605541e-14
1e-16 4.60955547985 0.0479918214492 1.24784694022 0.0768858494596 1.01186544332 0.00805181221481 -0.503789042233 0.27417688014 -1.36801524515 0.267246586345 -0.00014288621929007278 0.000848069219150149 0.002361437529761786 -2.773427258363742e-05 -0.0004198308232752753 -0.0017836239124830399 -433.550475173 26.0278048261 -2.39207362353 434.337637286 26.6092188126 25.8199788861 26.3487656973 1349.5108598423578 3.9720384703892944e-14
1.778e-16 4.61012182279 0.0455887461783 1.25942094321 0.0972984410501 1.01216748876 0.010128571826 -0.48954182584 0.319489545969 -1.35510140231 0.314672344023 -0.00023701857735522968 0.001210488940487257 0.0034378583017939837 -5.911372859903828e-05 -0.000668104178446609 -0.001833531795885066 -433.520593564 26.0441531361 -2.2946251949 434.308264095 26.1584447177 25.8422205804 26.0534631391 1339.971297365152 4.081533107237963e-14
3.16e-16 4.61057963164 0.0441551862154 1.27248543176 0.126064643006 1.01253564321 0.0130438097513 -0.472807760437 0.386600263163 -1.34490743533 0.386753736937 -0.0004097414732617651 0.0017488996457214422 0.005216382685246982 -0.0001228855310365444 -0.0011053376694237888 -0.0022135563685933566 -433.503220609 26.0588600313 -2.17882946422 434.291208479 25.6652376669 25.8960999543 25.7424218094 1332.281025859449 4.217321112026341e-14
5.62e-16 4.61092849532 0.0433079864596 1.28611707248 0.165904218618 1.01291737738 0.0170622509832 -0.455697048705 0.480581755768 -1.33982786279 0.490193902058 -0.0007266681850338195 0.0025364168542842667 0.008286091500080101 -0.0002464043911956524 -0.0018741780833938342 -0.003006189239061753 -433.493248502 26.0718214408 -2.06247690222 434.281464238 25.182459524 25.9613958714 25.4447546065 1326.3218320500666 4.367482430821181e-14
1e-15 4.61116825047 0.0428115358342 1.29865402411 0.220252734342 1.01329569982 0.0225318598287 -0.44043036122 0.609576187935 -1.34100829149 0.634241262187 -0.0013040257480289742 0.0036963064819735708 0.013779391094084256 -0.0004768840549675873 -0.0032278113406684615 -0.004327996006263807 -433.487611272 26.0824531321 -1.96125543859 434.276006718 24.7641406103 26.0226619614 25.1906348728 1322.0803439530503 4.5101805966935206e-14
1e-17 4.60087823123 0.0820623274866 1.2077165508 0.045699896709 1.01183248441 0.00500123109168 -0.514817328608 0.281509476644 -1.40515745011 0.271599830926 -3.882924448452875e-05 0.0002970033401289147 0.0008874936978298623 -6.053066910700097e-06 -0.00014754016099792277 -0.0054389413981452955 -434.001429068 25.9274447368 -2.36118194616 434.781609551 27.6943220913 26.5299672758 27.3117198033 1488.5674922505318 3.659689635559684e-14
