1e-18 4.62770488517 0.257032745111 1.19590549423 0.0756595072387 1.01316326165 0.00751677347548 -0.42086187541 0.668749291334 -1.11351514622 0.648299133931 -2.953962717621491e-05 -0.0005443364246205646 -0.0006139937791841562 0.0004805688684551919 -0.0003959955742250429 -0.04236708925777783 -428.531460719 23.8277938422 -11.5790982569 429.349568652 25.1948592296 23.6389256738 24.6871131714 2744.067280961604 3.3900561843271134e-14
1.778e-18 4.65112497957 0.19723779801 1.20541181099 0.0633113678558 1.01374221939 0.00618504187448 -0.409612531578 0.512857661285 -1.20164676404 0.497218184611 -3.115807162986869e-05 -0.0004015968861148625 4.027612911498633e-05 0.00027114432836902866 -0.00026362045471262134 -0.024985192167748003 -428.388589692 24.3859268634 -11.502482411 429.236256983 25.0853317916 23.2430390617 24.4866399424 2357.60039293481 3.443546691373012e-14
3.16e-18 4.67793744288 0.152760728774 1.21857479007 0.0556808449716 1.01447055674 0.00532480855066 -0.401445222457 0.398920622232 -1.26476651012 0.38701145592 -3.3290067404925643e-05 -0.0003146445901236308 0.0003143069178266887 0.00015430075224400858 -0.0001963022928251609 -0.015114611776960695 -428.229344946 24.7144379216 -11.4486019483 429.094681628 24.9420396016 22.7115107757 24.2213638529 1901.0860115974895 3.5535519365755534e-14
5.62e-18 4.70355384469 0.119451275767 1.235424649 0.0517437514082 1.0151934422 0.00483321369361 -0.395684145304 0.317021226915 -1.31414693556 0.308138614731 -3.650930904607506e-05 -0.00026828075530617847 0.0004541688682181023 8.803913469495512e-05 -0.00016298784257268793 -0.009475610462828118 -428.059141426 24.9195385121 -11.4075711722 428.935594977 24.7687007954 22.0931565711 23.9101418194 1444.441310786709 3.738442016008413e-14
1e-17 4.72306173753 0.0944660286179 1.25465155884 0.0507278668675 1.01564452484 0.00463606709527 -0.392314978445 0.260264389231 -1.35139359046 0.253938829909 -4.1263574622418795e-05 -0.0002490759923658704 0.0005518540923187668 4.9720493809785765e-05 -0.00015001714773667533 -0.006258471396531276 -427.897500352 25.0519445026 -11.375642656 428.781151611 24.5801403336 21.4786150395 23.591647545 1065.9072618869177 3.981628967918432e-14
1.778e-17 4.73484121287 0.0759369805104 1.27399889933 0.0521755585296 1.01561918201 0.00468564180698 -0.391437133586 0.224029285728 -1.3748672019 0.219902072285 -4.8171288099143964e-05 -0.00025010684743957657 0.0006519628420748217 2.6820339026177602e-05 -0.00015228265404876413 -0.004461347374422746 -427.76380828 25.1373758083 -11.3522880058 428.652117433 24.3923016504 20.9563945366 23.3033562073 801.3707866143009 4.231618723754077e-14
3.16e-17 4.74063741548 0.0625233860682 1.29119975833 0.0560754940891 1.0151987391 0.00496905761909 -0.393057158468 0.205340283523 -1.3859367434 0.20314041857 -5.8588059950361294e-05 -0.0002717313304300222 0.0007888142851066184 1.2194715434784337e-05 -0.00017017632449573434 -0.0035286671677674485 -427.666146197 25.1917750875 -11.3377996585 428.557468534 24.2090831837 20.571839183 23.0605000276 638.4561000740935 4.442459117760321e-14
5.62e-17 4.74307651067 0.0531634193625 1.30510537287 0.0629646986925 1.01467059889 0.00552040528107 -0.39749841313 0.202675291029 -1.38912040129 0.202287692438 -7.55364455891461e-05 -0.000321036914514348 0.0010043277322492896 1.610978854652237e-06 -0.00020940856087161094 -0.0031662583362247042 -427.601611062 25.2265474676 -11.3325049316 428.494973305 24.0148973172 20.3256026712 22.8514092218 545.7615070095119 4.6049943117358806e-14
1e-16 4.74403481857 0.046926051541 1.31622426766 0.0738880681084 1.01426680764 0.00641814911276 -0.405770618125 0.215715971577 -1.38893594275 0.217337701558 -0.00010486192149957147 -0.00041005329985075134 0.0013625665182546158 -7.66277910576327e-06 -0.00028276016328284846 -0.0032311484822129142 -427.5619849 25.2496662936 -11.3364849737 428.456896865 23.7806757984 20.1933394944 22.648120178 495.144344556154 4.739502013420002e-14
1.778e-16 4.74444836777 0.0429554812251 1.32609792808 0.0902876969438 1.0140837319 0.00777272852539 -0.419484575768 0.245074056149 -1.38932956269 0.249512423517 -0.0001570238303370551 -0.0005502846459659416 0.0019678446383494326 -1.743542260688841e-05 -0.0004137194854106671 -0.0036579685776788333 -427.538809227 25.2664482764 -11.3493546444 428.4350997 23.4791905107 20.1451705217 22.4229991261 468.12501790861944 4.8739005103854906e-14
3.16e-16 4.74467854747 0.0405114311455 1.33643157555 0.114078480536 1.0141167968 0.00972885715454 -0.440443487025 0.292341187015 -1.39422227994 0.301511363367 -0.000251129795789693 -0.0007320568626902493 0.0030100863511847557 -2.8608012213822372e-05 -0.0006438670159382836 -0.004409907046448622 -427.525669531 25.2801722458 -11.3699234685 428.423342474 23.099420129 20.1549007511 22.1614262844 454.20022334120335 5.027398218217332e-14
5.62e-16 4.744829015 0.0390380524074 1.34815080931 0.14780447945 1.01433928099 0.0124802567108 -0.469367525748 0.360285961034 -1.40804649604 0.377788291158 -0.00042263247456826515 -0.0008632505450398288 0.004881799648448542 -4.081928368847547e-05 -0.0010466047617329853 -0.005504264321447466 -427.518447464 25.2923666053 -11.3956865757 428.417539794 22.6585733785 20.200507712 21.8699368001 447.75780665894234 5.1993308461831264e-14
1e-15 4.74491657604 0.0381619540986 1.36059908943 0.194665891946 1.01471949144 0.016280306081 -0.503746322417 0.453140854494 -1.43327118757 0.484276652676 -0.0007359682868567758 -0.0006603555736399216 0.008432671026831618 -5.248380544898363e-05 -0.001751424046644304 -0.007283712150310671 -427.514654004 25.3031374515 -11.4225636649 428.415106076 22.2072917612 20.26147298 21.5781903941 445.61418976705227 5.365295713873147e-14
1e-17 4.72306173753 0.0944660286179 1.25465155884 0.0507278668675 1.01564452484 0.00463606709527 -0.392314978445 0.260264389231 -1.35139359046 0.253938829909 -4.1263574622418795e-05 -0.0002490759923658704 0.0005518540923187668 4.9720493809785765e-05 -0.00015001714773667533 -0.006258471396531276 -427.897500352 25.0519445026 -11.375642656 428.781151611 24.5801403336 21.4786150395 23.591647545 1065.9072618869177 3.981628967918432e-14
