1e-18 3.78701375738 0.183722912987 1.15571169298 0.0657686728456 1.00800213317 0.0068498179458 -0.43315782398 0.60133279488 -1.06546049648 0.594132735313 -2.261558019276612e-05 0.00011505640220474205 -0.00045673042200716465 3.392304493517758e-05 -0.00040821020923867185 -0.029703356397583133 -445.942099703 19.9926650241 3.01091742578 446.400188806 28.2846985643 25.1049217743 27.2660071826 2886.385231899947 2.7926135623118013e-14
1.778e-18 3.80545003372 0.141602902702 1.16796701528 0.0561582359356 1.00820009807 0.00573187334263 -0.425683633904 0.466861036143 -1.21740692624 0.461026695432 -2.5700590587986598e-05 2.8560450836142606e-05 0.0003798510131535042 1.2789809269362617e-05 -0.0002628620572219092 -0.01743071016306745 -445.677538117 21.2216991627 3.05150763202 446.192940549 28.1151338962 24.7540768966 27.0412390681 2513.0201205017333 2.8397457541165827e-14
3.16e-18 3.82426700348 0.110436733662 1.1834295663 0.050561997603 1.00826453929 0.00504581041089 -0.426189730701 0.36964069349 -1.29627602738 0.364909381695 -2.8902142069997458e-05 3.1128059214082786e-06 0.0006994853820249767 4.6813634109939625e-06 -0.00019568792579971396 -0.01031367543694579 -445.399285788 21.8842555828 3.0215003637 445.946828543 27.9165520612 24.2868566097 26.7614097907 2120.6769977728477 2.9142265410586316e-14
5.62e-18 3.84135367889 0.0873522126929 1.2018986151 0.0481940517247 1.00811324791 0.00470393174018 -0.43094517105 0.301304250908 -1.33402996124 0.297546565918 -3.315446025804794e-05 2.204082401651036e-06 0.0008594792758462056 1.7644053943454572e-06 -0.00016696766991841622 -0.006142425101967245 -445.112556224 22.2371540056 2.95401556039 445.677467384 27.7041914099 23.7486245536 26.4514751418 1755.6461659533709 3.015864855323436e-14
1e-17 3.85390932753 0.0703789068269 1.22125146146 0.0485541597494 1.00764868372 0.00464930539008 -0.436889858423 0.256322805572 -1.34813467451 0.253495226503 -3.919660914631125e-05 1.0890094528514327e-05 0.0009969580218776358 1.0681173258607613e-06 -0.0001615837793060515 -0.0036517105624803764 -444.848519702 22.4214751013 2.87769975549 445.422506372 27.5112738083 23.2215003898 26.1596282687 1475.714341894655 3.1257058390612805e-14
1.778e-17 3.86126683102 0.0581802176232 1.23848040729 0.0515048698482 1.00690803632 0.00485911431898 -0.441957682296 0.231424019562 -1.3493553852 0.229484228513 -4.824202269174231e-05 2.2823641983061632e-05 0.001188058770079239 1.3417057666180983e-06 -0.00017582808571691246 -0.002107258356944405 -444.638462386 22.5172531074 2.81239226829 445.217136318 27.3686693753 22.7840741905 25.9306907189 1298.469471507417 3.216831639954918e-14
3.16e-17 3.86486472974 0.0497179932377 1.25147071006 0.0573620153785 1.00610585455 0.00535489659649 -0.445470956171 0.225011589953 -1.34566827022 0.223865900876 -6.28804608249552e-05 3.668347499149669e-05 0.0015067088781111145 2.084406274179829e-06 -0.00021397794495009854 -0.0010476312843240604 -444.492104936 22.5678380746 2.76505173708 445.073234622 27.2872829002 22.468380708 25.781257713 1200.7132464421177 3.276966798759595e-14
5.62e-17 3.86645802512 0.044100408004 1.25991692262 0.0668946588302 1.00543445851 0.00620449115808 -0.447631920234 0.237047393687 -1.34198720069 0.236519136928 -8.820201261746231e-05 5.407146517054532e-05 0.002058228878007485 3.2358964525529898e-06 -0.0002894900518036256 -0.0001420883761772441 -444.399403708 22.5943280321 2.73350967696 444.981803841 27.2613681571 22.2605029323 25.7027519823 1150.203203711871 3.310537157764262e-14
1e-16 3.86715594518 0.0405418712093 1.26467640079 0.081205324479 1.00495015758 0.00751051376609 -0.448853233417 0.268990068066 -1.34028774447 0.268766564711 -0.00013343427896350655 7.804900027718318e-05 0.0030110541660645167 5.051370792148458e-06 -0.00042973620620684664 0.000909192126404355 -444.344058501 22.6066491296 2.71262912386 444.927029148 27.281002028 22.1286151341 25.678666574 1124.3553192409784 3.326664453338416e-14
1.778e-16 3.86748293718 0.0383788859959 1.26691125381 0.101666404119 1.00460939664 0.00940227334418 -0.449435107417 0.323764982885 -1.34055257555 0.323313883685 -0.0002150218560338488 0.00011398892310441533 0.004640195585412425 8.16731806171121e-06 -0.0006856145290388102 0.0024732914155359206 -444.312098031 22.610112874 2.69797875734 444.89519749 27.3359177042 22.0437756693 25.6932730445 1110.9018970166671 3.332279491952688e-14
3.16e-16 3.8676548619 0.0371004814989 1.26756737242 0.130087114562 1.00438012565 0.0120518179854 -0.449602797023 0.40618077743 -1.34256752354 0.404694951761 -0.00036238520636194647 0.00017587000577319373 0.0074132969565498625 1.4019010621623209e-05 -0.0011502033667442591 0.0051267111733136845 -444.293957102 22.6083521658 2.68692135338 444.876923937 27.4126081556 21.9867710034 25.7314351908 1103.7448499455709 3.332810393933086e-14
5.62e-16 3.86775521996 0.0363582419917 1.2674740824 0.169004187851 1.0042104146 0.0156935013351 -0.449481132756 0.523399232103 -1.3450836214 0.519837646449 -0.0006283260345972815 0.000294138736728589 0.012171815440351659 2.55782040778215e-05 -0.001991425307388834 0.009858256624750069 -444.283739415 22.6042508487 2.67841950236 444.866459959 27.4936493084 21.9473323959 25.7778128364 1099.8735786203415 3.331015817648601e-14
1e-15 3.86781638815 0.0359329639507 1.26707271591 0.221780025853 1.0041087228 0.0206409309949 -0.449270048246 0.685184734068 -1.34783553935 0.678421465061 -0.0011054843340431752 0.0005271673753149826 0.020433600678713915 4.804631754221584e-05 -0.00350538483717078 0.018400596015950805 -444.2780294 22.5999312574 2.6721598979 444.860500313 27.5636154235 21.9204933574 25.8199781788 1097.7695710647424 3.329517213913607e-14
1e-17 3.85390932753 0.0703789068269 1.22125146146 0.0485541597494 1.00764868372 0.00464930539008 -0.436889858423 0.256322805572 -1.34813467451 0.253495226503 -3.919660914631125e-05 1.0890094528514327e-05 0.0009969580218776358 1.0681173258607613e-06 -0.0001615837793060515 -0.0036517105624803764 -444.848519702 22.4214751013 2.87769975549 445.422506372 27.5112738083 23.2215003898 26.1596282687 1475.714341894655 3.1257058390612805e-14
