1e-18 4.73763184915 0.190320944454 1.11583443943 0.051785470481 0.998674022827 0.00735285402483 -0.306707608914 0.665764385194 -2.21568080065 0.639391023392 -2.535067205190007e-05 0.00015637162288986145 0.002567503527999795 -0.00014026142338374734 -0.00015706709455967885 -0.04229506850395692 -439.150734385 33.0190402874 1.29773862296 440.392221387 28.2404029995 33.1452406334 29.9646886618 1025.4844589261975 1.8206852697410824e-14
1.778e-18 4.75441032771 0.145439216731 1.12244196095 0.0434241886429 0.998374675562 0.00600669774869 -0.282041316028 0.510392189972 -1.74764240485 0.489514674145 -2.502152106560351e-05 7.198788697183851e-06 0.001230234349619347 -8.420256337169106e-05 -0.0001589909666634741 -0.025169781291315765 -439.387642584 29.4491378744 1.48072587541 440.375912972 28.2371731327 32.7376153449 29.8129018576 870.8797589800508 1.8160363552861256e-14
3.16e-18 4.76126390516 0.112164916631 1.12724893684 0.0381790816993 0.998162178602 0.00513546893387 -0.269276783722 0.396281722077 -1.50212020529 0.380110857102 -2.5462973168559376e-05 -5.9166121727306744e-05 0.000776908414639632 -5.7784739573389984e-05 -0.00013303614666545935 -0.01498232021248999 -439.474008162 27.5917117744 1.5785693382 440.342137763 28.1939308279 32.2874885426 29.6213739691 766.0628320880443 1.8084423256144246e-14
5.62e-18 4.76463106557 0.0877307222591 1.13177656167 0.0354555840406 0.99803406242 0.00463754528781 -0.263060440868 0.314626771125 -1.37221964493 0.302123438261 -2.6969854621539534e-05 -9.415990668307454e-05 0.0006280685348884203 -4.541229196994607e-05 -0.00011311824806691546 -0.00909156890654073 -439.484825063 26.6227350875 1.62878206695 440.29346397 28.1294329517 31.8123423768 29.4083611913 677.6022101955647 1.805737127460993e-14
1e-17 4.76599912803 0.070087300573 1.13597440882 0.034887149457 0.997970739675 0.00445299671487 -0.260390935018 0.259146966857 -1.30417638378 0.249369038511 -3.0065989284988175e-05 -0.00011970519947406325 0.0006068582257703581 -4.097641295368769e-05 -0.0001050525552023384 -0.005744667940062935 -439.462627592 26.1256663755 1.65237057081 440.241617549 28.0606143621 31.370397327 29.2055815739 605.8167482597788 1.811048527150365e-14
1.778e-17 4.76611915879 0.0576891341833 1.13947514644 0.0363751197911 0.997951228051 0.00455765697771 -0.259516732288 0.225372604683 -1.26880147091 0.217542484931 -3.5801248292896854e-05 -0.00014834589536963537 0.0006675725385758577 -4.2355538258580546e-05 -0.00010977089221336368 -0.003863334920342929 -439.432858604 25.8743747599 1.6623917757 440.197096806 27.9984116581 31.0147261018 29.0386830849 553.9049454073034 1.8217875501593484e-14
3.16e-17 4.76569501262 0.0492675886124 1.14217445427 0.0401195983415 0.997952504481 0.00496476876396 -0.259529655635 0.210277061844 -1.24995843515 0.203781968158 -4.615667039841419e-05 -0.00019053520160070342 0.0008175428244831005 -4.9753760240363246e-05 -0.00012990625936299725 -0.0028075150123047636 -439.407423955 25.7469815943 1.66658446998 440.16425206 27.9442072612 30.7620074534 28.9140020375 519.9025807051154 1.8336430370511376e-14
5.62e-17 4.76518900548 0.0437687615344 1.14426059892 0.0466117179267 0.997959563461 0.00572583833222 -0.260048079483 0.212416929103 -1.23909234571 0.20676754935 -6.479730238403885e-05 -0.00025822149485818464 0.001099126509168353 -6.548455584820968e-05 -0.00017280305199899202 -0.0022088589928712125 -439.389324437 25.681570558 1.66912663498 440.142371829 27.892193666 30.5992713832 28.8228170274 499.0321354128095 1.8442440319100867e-14
1e-16 4.76478713348 0.0403261687675 1.14604466566 0.0565734673204 0.997969498847 0.00692491441441 -0.261009212815 0.231851107849 -1.23182781849 0.226633203083 -9.840301452908827e-05 -0.00036600755270952947 0.001591998560994148 -9.44883610218642e-05 -0.00025367284960971573 -0.001846867385476336 -439.377615219 25.6478933975 1.67196884987 440.128729659 27.8333125098 30.5034054524 28.7509090565 486.72603516833215 1.8535045646128747e-14
1.778e-16 4.76451634182 0.038249838892 1.14787604524 0.0709294263839 0.997972761767 0.00867453044564 -0.262432952642 0.26992860768 -1.2255827299 0.264761658892 -0.00015912324650994763 -0.000529677179803642 0.0024254245098492824 -0.00014558103871419945 -0.000400804600429338 -0.0015624764631636118 -439.370375404 25.6311739038 1.67610018406 440.120543908 27.7580571632 30.4532109876 28.6845924636 479.6455385327306 1.862696869537163e-14
3.16e-16 4.76434728263 0.037028468803 1.14997186392 0.0909118857925 0.997972955746 0.0111291196063 -0.264321033776 0.329483911256 -1.21926102388 0.324026185937 -0.00026916983115086166 -0.0007641907528861333 0.0038067232331611494 -0.0002341878364950899 -0.0006658605441280875 -0.0011935591808750765 -439.365920279 25.6238938224 1.68186706392 440.115694464 27.6609157256 30.4327759601 28.6147186496 475.623863518311 1.8732627162906902e-14
5.62e-16 4.76424487483 0.036321164734 1.15238297073 0.118232891801 0.997970308306 0.0145033167584 -0.266517126145 0.41526964217 -1.21256730469 0.409239502211 -0.00046913918901675015 -0.0010860301349580285 0.006084657578691925 -0.00038771674031447674 -0.0011420166464911241 -0.0005278921220619227 -439.363110558 25.6219956779 1.68905205536 440.112806538 27.544016056 30.430919196 28.5387834598 473.36339921801493 1.8861216931521796e-14
1e-15 4.76418299162 0.0359162983762 1.15490612801 0.155182862417 0.99797593691 0.0190836835628 -0.268738015772 0.534277297094 -1.2061933895 0.527489558597 -0.0008312144644274766 -0.001528742897560806 0.009871546006415224 -0.0006552128526541498 -0.0019943140877982696 0.0007398453420482017 -439.361282165 25.6229503617 1.69677253154 440.111066536 27.4194459402 30.4391678508 28.4616406811 472.11236542263345 1.9007856471293374e-14
1e-17 4.76599912803 0.070087300573 1.13597440882 0.034887149457 0.997970739675 0.00445299671487 -0.260390935018 0.259146966857 -1.30417638378 0.249369038511 -3.0065989284988175e-05 -0.00011970519947406325 0.0006068582257703581 -4.097641295368769e-05 -0.0001050525552023384 -0.005744667940062935 -439.462627592 26.1256663755 1.65237057081 440.241617549 28.0606143621 31.370397327 29.2055815739 605.8167482597788 1.811048527150365e-14
