1e-18 4.58495673211 0.259583150773 1.15044833737 0.0741426463817 1.01505947047 0.00757285588791 -0.452965703138 0.669879893196 -1.16295972313 0.650437900841 -2.9948645783249804e-05 -0.0003271961730194044 -0.0009967530488494104 0.0004040975834229743 -0.00041360093706354435 -0.04287797032890025 -430.035759828 24.281330091 -9.67883551191 430.829453008 25.58023851 23.463676839 24.8947205599 3390.0122910195355 4.19040859339793e-14
1.778e-18 4.61270226797 0.199425816788 1.162472647 0.0621914771313 1.01519905537 0.00624781236606 -0.44955621463 0.514232471999 -1.28297947366 0.499712782366 -3.2038734799127564e-05 -0.0001837827140995535 -7.789022206932483e-05 0.0002227817192088148 -0.0002757218320265984 -0.025163798845058788 -429.860008712 25.1309581141 -9.66654012841 430.702489131 25.4599263317 23.0550658721 24.6843523985 2892.564281812533 4.243180868901336e-14
3.16e-18 4.6445200772 0.154624160703 1.17939428963 0.0548770821976 1.01518515485 0.00539279603769 -0.444473264101 0.400217997524 -1.35542819964 0.389650457038 -3.450001990754892e-05 -0.00010567814251056872 0.00028625819603943437 0.00012115175890884409 -0.00020993023379867727 -0.015053202445242468 -429.669632969 25.6049232728 -9.6426808947 430.539878393 25.3074539185 22.4852546256 24.4030129509 2301.39380421485 4.341825598747539e-14
5.62e-18 4.6753361067 0.120930673508 1.20169484755 0.0511761631995 1.01473990029 0.00489419037314 -0.438347124982 0.317899714607 -1.39846669154 0.310711210757 -3.766140588196127e-05 -6.25415791033684e-05 0.00046114997129295985 6.280835973373852e-05 -0.00017979720672167666 -0.009245908016833544 -429.464988802 25.877772442 -9.61098829585 430.351259798 25.1268267899 21.7988480236 24.068683832 1703.0880349742772 4.490552647336912e-14
1e-17 4.69838397151 0.095478958568 1.2270888661 0.0502564021843 1.01360193361 0.00466064979973 -0.432053355056 0.260452776555 -1.41752361122 0.256359292946 -4.138617144317771e-05 -3.781676014286388e-05 0.0005745655539056113 2.83566020453261e-05 -0.0001700769991531232 -0.005904590552625882 -429.270117122 26.0413685335 -9.57767305787 430.165919327 24.9371747767 21.1078728104 23.7295010922 1215.5032380874823 4.654634250824903e-14
1.778e-17 4.71123413468 0.0764939065478 1.25060042791 0.0515753463896 1.01202324478 0.00463621350361 -0.426673292929 0.223430515373 -1.41895239456 0.22228035152 -4.5878141685640546e-05 -2.3743502156209602e-05 0.000680489523694292 7.107870457463147e-06 -0.00017527507698198014 -0.004009357918202089 -429.114726993 26.1462090067 -9.55062805784 430.016613242 24.7547226357 20.5433653814 23.4351761727 897.7865524877033 4.789987657684624e-14
3.16e-17 4.7168560743 0.0627373314594 1.26870505346 0.0551486865613 1.01061305138 0.00482532969511 -0.423177626892 0.203896706306 -1.412817747 0.205644107273 -5.2926648789108904e-05 -1.756267825244954e-05 0.0008161658854033542 -7.54288650853923e-06 -0.0001964352369058326 -0.002980676760015923 -429.009673882 26.2180683719 -9.53570744815 429.915825611 24.5662173241 20.1672569552 23.1927885367 721.9857298582162 4.893908794580654e-14
5.62e-17 4.71908235642 0.0531598505145 1.28204051422 0.0616166485628 1.00965342472 0.00528265260254 -0.422204089935 0.20015377536 -1.40529021061 0.205000519084 -6.592188318274209e-05 -1.781155053417839e-05 0.0010247750453026905 -2.0463047573866122e-05 -0.00024078476442170938 -0.002487865396080696 -428.945429851 26.2691570837 -9.53486985666 429.854817522 24.3358628606 19.9586739753 22.969669198 630.6523931535414 4.992182648920145e-14
1e-16 4.72005317393 0.0467873748652 1.29320337427 0.0720796866056 1.00909314676 0.0060901702216 -0.424553816278 0.211605664687 -1.39863937852 0.220283184475 -9.016957865210474e-05 -2.254765822151063e-05 0.0013695496204181763 -3.591775795431143e-05 -0.00032311576386469834 -0.0023412115965708528 -428.907657914 26.3074420489 -9.5475487413 429.819748512 24.0300609712 19.8705979816 22.7283107211 582.9076508557602 5.113031461151764e-14
1.778e-16 4.72060406873 0.0427237626955 1.30463893182 0.0879968463973 1.00881342452 0.00735277507078 -0.431714616928 0.238589399888 -1.39519618629 0.252771758512 -0.00013493493009917316 -2.245819658620583e-05 0.001956592479647344 -5.856043151446711e-05 -0.0004698480089699581 -0.0024111838014614084 -428.885527417 26.3389020349 -9.57189157031 429.800133198 23.6332063818 19.863055323 22.446958625 557.4026908359979 5.279122827930943e-14
3.16e-16 4.72099057553 0.0402080110261 1.31783003433 0.111280375516 1.0087576781 0.00921099086157 -0.445563057678 0.2824862281 -1.39957799477 0.305334388156 -0.00021758874136546593 2.383966040601222e-05 0.002992804602204445 -9.463923698177711e-05 -0.0007280363647441374 -0.002566482442696253 -428.872342902 26.3670777293 -9.60475595729 429.789437552 23.155818652 19.9060879028 22.1256729501 543.8829796392937 5.498965307012461e-14
5.62e-16 4.7212616439 0.0386781414848 1.33280449354 0.144446356709 1.0089086363 0.0118552541617 -0.466785202315 0.345996431014 -1.41665279376 0.382563121727 -0.0003711559682388983 0.000252550450880907 0.004935777132138993 -0.00015363797998029448 -0.0011822047947835273 -0.0026850686428891704 -428.864324878 26.3928588056 -9.6414672525 429.783841064 22.6390141459 19.9753425863 21.7873375644 537.3543994459101 5.752890329747643e-14
1e-15 4.72142121635 0.0377604140022 1.34734290721 0.1904938304 1.00937006011 0.015538940931 -0.4928142853 0.433587422658 -1.45060141426 0.490209142943 -0.0006553404030364839 0.000981357920476075 0.00874451178241311 -0.00025142160510497415 -0.0019856100427123645 -0.0028663450808006324 -428.859451501 26.4151169034 -9.67624425544 429.78112714 22.149777632 20.0493617797 21.4724801088 534.9967373985245 5.994736384831107e-14
1e-17 4.69838397151 0.095478958568 1.2270888661 0.0502564021843 1.01360193361 0.00466064979973 -0.432053355056 0.260452776555 -1.41752361122 0.256359292946 -4.138617144317771e-05 -3.781676014286388e-05 0.0005745655539056113 2.83566020453261e-05 -0.0001700769991531232 -0.005904590552625882 -429.270117122 26.0413685335 -9.57767305787 430.165919327 24.9371747767 21.1078728104 23.7295010922 1215.5032380874823 4.654634250824903e-14
