1e-18 4.67397362682 0.247044732672 1.17118890207 0.0707783276333 1.00447318972 0.00802068790883 -0.490022157835 0.713358582922 -1.71877076855 0.692076803545 -3.060988989096927e-05 -0.00030420444264978345 0.0021018486005143157 0.00035461681484522453 -0.0003599453727611953 -0.04905915450018435 -436.893107815 26.4806400444 -8.81011263934 437.783542447 25.1778012011 27.0120144586 25.8036965811 3625.661641548278 4.306054598678513e-14
1.778e-18 4.69075020031 0.190711199418 1.17823276196 0.0596549477342 1.00495753318 0.00664412128116 -0.495539044358 0.54990742833 -1.539305939 0.533608092644 -3.267792013012812e-05 -0.00015388762965310484 0.0010974057757319705 0.00021541407526482913 -0.0002912167323959625 -0.028725355434866717 -436.77830993 25.06545652 -8.85962082004 437.586633727 25.1056038194 26.6141400301 25.6183211512 3294.827615441784 4.3201604235240774e-14
3.16e-18 4.70692459861 0.149494361413 1.18670333135 0.0530924016912 1.00562113103 0.00578958677143 -0.495910409446 0.432126782018 -1.45250421061 0.419902378746 -3.5950747549739057e-05 -7.836709781992912e-05 0.0007923629545162027 0.00013183333554767513 -0.00023379318479610194 -0.017504979535114703 -436.559200808 24.3486196217 -8.87280252079 437.3277006 24.9969982211 26.1205199399 25.3770329371 2942.4966443412236 4.3550258498245354e-14
5.62e-18 4.7217246366 0.119622904205 1.19660802956 0.0503418063369 1.00641033487 0.00536612821054 -0.493478425943 0.349748838765 -1.41520889994 0.340946563853 -4.127579718142166e-05 -3.620661074959698e-05 0.000734063312506182 8.287725019132256e-05 -0.00020315468084922616 -0.011240301518857923 -436.28051302 23.9988896443 -8.8658101994 437.030016516 24.8671978924 25.565662643 25.1021789785 2592.165430958916 4.422211670422958e-14
1e-17 4.73298946367 0.0983721430618 1.20686523488 0.0510173775159 1.00718316555 0.00532488317004 -0.489912942232 0.295789641249 -1.40330542381 0.290055206445 -5.009079348690823e-05 -9.168631240732724e-06 0.0007998788990099934 5.4409149505987784e-05 -0.00019907265822006163 -0.007760843372210674 -435.997888209 23.8406816246 -8.84932477745 436.738877559 24.737300576 25.0244731559 24.8333937559 2293.34730424103 4.516853344591647e-14
1.778e-17 4.73996151993 0.0837119822145 1.21604074646 0.0551210099629 1.00780023367 0.00565741468848 -0.486432072713 0.2656171509 -1.40226371915 0.262884191825 -6.496976271088984e-05 1.2581072037027419e-05 0.000979908654501778 3.769868726253545e-05 -0.0002229145293024525 -0.0059049343706640695 -435.758929572 23.7758992402 -8.831241968 436.496424866 24.625397683 24.5713271033 24.6073873576 2075.5128716779986 4.6175587666213234e-14
3.16e-17 4.74360737027 0.0739743308464 1.22323603197 0.0630914685663 1.00821245095 0.00639887605856 -0.483668199982 0.25645075955 -1.40421572171 0.256938696529 -9.065376396945566e-05 3.6281977823441446e-05 0.0013232829275098665 2.7392115983477462e-05 -0.0002833828776083941 -0.00505748687182464 -435.583634945 23.7520157983 -8.8162510907 436.319822572 24.5376679959 24.2392717717 24.4386074165 1934.4859880695728 4.703523605936735e-14
5.62e-17 4.74532508648 0.0677667576051 1.22836581988 0.0758109048321 1.00845507822 0.00762968082542 -0.481724272162 0.26746103023 -1.40597949698 0.271670253496 -0.00013579509249355434 6.955104062407183e-05 0.001939434124922348 2.0085806020610375e-05 -0.0004014081962040691 -0.004940666980265334 -435.467456901 23.7441109646 -8.80584692373 436.203200086 24.4691273525 24.0198737747 24.3202982639 1849.5916211244914 4.766836617855697e-14
1e-16 4.74610236432 0.0639644539637 1.23193323179 0.0945589970697 1.00856867018 0.00947077739619 -0.480441930777 0.299683736223 -1.40629266415 0.308373163981 -0.0002159439478371425 0.0001231133367377804 0.0030261492708657236 1.3244248721759965e-05 -0.0006176085141616276 -0.005514448144733473 -435.395511089 23.7418104474 -8.7996931387 436.131126199 24.4086448203 23.8862740349 24.2357722606 1800.4611358909865 4.809952307577204e-14
1.778e-16 4.74645540527 0.0617102113306 1.23454126366 0.120996688014 1.0085967871 0.0120832341746 -0.479617751901 0.355785427283 -1.40505387886 0.369994753292 -0.00035854603937518557 0.00021458019592113546 0.0049194847614109066 4.281205787746896e-06 -0.0010055191031018895 -0.006949736569766524 -435.352881052 23.7412347476 -8.79689688737 436.088480314 24.3444750166 23.8112071106 24.1680264794 1772.6287256100263 4.839583057950175e-14
3.16e-16 4.74661875915 0.060400131858 1.23673115401 0.15740551983 1.00856271907 0.015690407746 -0.479115497041 0.440298724361 -1.40230152473 0.461497785015 -0.0006129675310873979 0.00037825574264780906 0.00819545059881577 -1.0389613802721064e-05 -0.0016976486334410164 -0.009662173616346944 -435.32824028 23.7410868558 -8.79661592248 436.063867389 24.2667639502 23.7738880519 24.103591837 1757.030447454348 4.862330706321515e-14
5.62e-16 4.74669228556 0.0596475348342 1.23880861779 0.20693469964 1.00849490986 0.0206037476968 -0.478902204298 0.560131586838 -1.39859633304 0.590504760928 -0.0010682171870640088 0.0006895729707670617 0.013855997697845273 -3.655066037328466e-05 -0.0029324155302922843 -0.01441325398362883 -435.314321432 23.7409749772 -8.79819157044 436.049997719 24.1715031096 23.7604234373 24.0352577621 1748.433394539 4.883219375381543e-14
1e-15 4.74672222423 0.0592190407897 1.24095507773 0.27381476668 1.00838950547 0.0272375998535 -0.479001864737 0.72491485069 -1.39405874988 0.767705416796 -0.001884250007970683 0.001321038562291913 0.023695935856177006 -8.3564795585389e-05 -0.005132128217909078 -0.02248467464937563 -435.306479206 23.7408275489 -8.80090002009 436.042215357 24.063185567 23.7610576916 23.9628995316 1743.7484504700576 4.90427294698969e-14
1e-17 4.73298946367 0.0983721430618 1.20686523488 0.0510173775159 1.00718316555 0.00532488317004 -0.489912942232 0.295789641249 -1.40330542381 0.290055206445 -5.009079348690823e-05 -9.168631240732724e-06 0.0007998788990099934 5.4409149505987784e-05 -0.00019907265822006163 -0.007760843372210674 -435.997888209 23.8406816246 -8.84932477745 436.738877559 24.737300576 25.0244731559 24.8333937559 2293.34730424103 4.516853344591647e-14
