1e-18 4.10005540795 0.183943756091 1.18142044825 0.0616911077333 1.00457739678 0.00709322046809 -0.485892149293 0.635681124026 -1.55103018645 0.609989651157 -2.8381949519299983e-05 6.102319433191257e-05 0.0011863192012646802 -9.165538702031056e-05 -0.0002708015519101549 -0.037944109942147884 -443.962941652 25.7520591779 0.254422598384 444.709261027 27.1481385124 28.2973827575 27.5365497736 991.168079510729 2.0599140390924735e-14
1.778e-18 4.10729542713 0.140142711657 1.18631093942 0.0517097410536 1.00468668317 0.0058404740174 -0.485964286509 0.485713358606 -1.45673440056 0.466653928398 -2.856823451256933e-05 -2.9862639733828415e-05 0.0007793927677977728 -5.845715446077199e-05 -0.00019819886276696555 -0.021734290859103403 -443.966163951 24.9903718753 0.276194939804 444.669033893 27.0835083919 27.9547339118 27.3769976544 873.9243095926574 2.0772834142359767e-14
3.16e-18 4.11434073026 0.107651509189 1.19244933657 0.0454512423259 1.00487065314 0.00502624036837 -0.491212239216 0.376250709441 -1.41347517523 0.362372925071 -2.937858050678508e-05 -6.72179993912212e-05 0.0006531272094843608 -4.072910239846513e-05 -0.00015296821707728615 -0.012649408094939705 -443.929221578 24.620466282 0.265457274365 444.611506372 26.988598829 27.5361869551 27.172354367 746.3094599142754 2.1081526303645364e-14
5.62e-18 4.12028844971 0.0836139442989 1.19951391652 0.042095318944 1.00510013471 0.00455454944258 -0.498852911008 0.29793131858 -1.39695784015 0.288147302285 -3.102829396340879e-05 -8.069172664496683e-05 0.0006254061673058183 -3.145998046277718e-05 -0.0001284677702644943 -0.007515146111123499 -443.873192821 24.4554155251 0.240577061876 444.546439116 26.8716433583 27.08063216 26.9414864211 622.6114068405038 2.1548510483387823e-14
1e-17 4.12427308838 0.066007877559 1.20673627027 0.0411091840277 1.00532747721 0.00436201628272 -0.506652127748 0.244240878826 -1.39294887985 0.237779031353 -3.401710600539211e-05 -8.531217459898735e-05 0.000647239539561251 -2.7299197700353068e-05 -0.00011918305654047474 -0.004599095363237203 -443.815498467 24.3920764424 0.214970716728 444.485338662 26.7425461741 26.6518394527 26.7123448238 519.9867427803485 2.2125375586944408e-14
1.778e-17 4.12632559248 0.0533763429981 1.2134191794 0.0422821276526 1.00550164856 0.0044184680398 -0.513325836275 0.210740717292 -1.39262057976 0.207056217193 -3.92907527825172e-05 -8.85604043956843e-05 0.000714265727989449 -2.675845230345836e-05 -0.00012291449234700093 -0.0029356230528994336 -443.76758136 24.3733510446 0.196324562943 444.436457832 26.605097914 26.3056652767 26.5056628897 446.3445472494637 2.271470213913363e-14
3.16e-17 4.12712896718 0.0445703601849 1.21936946466 0.0457698116824 1.00560704967 0.00473090996489 -0.518690559939 0.194437989201 -1.39137635891 0.193212521247 -4.859494142362106e-05 -9.370193944733616e-05 0.0008429552218564426 -2.961334575741483e-05 -0.00014125793937431544 -0.0019663670741483165 -443.733210587 24.3705907222 0.187038158706 444.401983403 26.4507294012 26.0642387578 26.3225297273 398.7661588173197 2.324656789246143e-14
5.62e-17 4.12735768991 0.0386530485567 1.22501570807 0.0521122712681 1.00564279375 0.0053453038327 -0.523068848858 0.19372018224 -1.38710486409 0.194876335849 -6.517325102229668e-05 -0.00010075097505806413 0.001067810661133277 -3.6797884060954285e-05 -0.0001806260965423696 -0.0013678752990371463 -443.711013531 24.3717401273 0.186998478076 444.379882774 26.2592908028 25.9207344789 26.1469257776 369.9068733451243 2.372386463144888e-14
1e-16 4.12740164607 0.0348412216126 1.2311144622 0.0621782539543 1.00561891065 0.00634067578272 -0.526637523574 0.208148448947 -1.37957040362 0.211943215368 -9.491607063833783e-05 -0.00010590546944042904 0.001445994550861708 -5.0700565169212156e-05 -0.00025437867280751677 -0.0009440528590243254 -443.697843538 24.3726281029 0.195422054156 444.366784932 26.0079002399 25.8559564079 25.9573511203 352.9835314541534 2.420894465655339e-14
1.778e-16 4.12741553395 0.0324796380875 1.23837983689 0.0771178437623 1.00555421986 0.00782321786116 -0.528965440761 0.238239609396 -1.37038507543 0.245481178979 -0.0001483918057927494 -0.0001015362069013438 0.0020710425563550397 -7.60137767116313e-05 -0.00038677290688283783 -0.0005802306638104011 -443.690718229 24.3722883515 0.211230573469 444.359658949 25.6835664591 25.8491800018 25.7388893757 343.26656045026675 2.4784661646248532e-14
3.16e-16 4.12743386891 0.031053821913 1.24717815003 0.098477070213 1.00547251488 0.00993629147162 -0.529007818165 0.285718748956 -1.36274786418 0.298061189591 -0.0002448876793499272 -8.188942224239335e-05 0.003113921325505696 -0.00012154294713959936 -0.0006209329274567818 -0.00023606013916391966 -443.687367443 24.3708990484 0.232668390571 444.356247715 25.2935335812 25.8812894772 25.4909580509 337.83660926693335 2.5505658175237892e-14
5.62e-16 4.12744858344 0.0302053584612 1.25719434171 0.128345793995 1.00540646904 0.0128767067425 -0.525808048189 0.353964721164 -1.36045182511 0.3741563315 -0.00041967651803599356 -6.143038723887928e-05 0.004917669889424912 -0.00020352560249591224 -0.0010337538099154122 5.014048544659777e-05 -443.686227468 24.3689665802 0.256879891203 444.35501681 24.8702890928 25.9347002612 25.2300828163 335.00175321199214 2.6344447279181862e-14
1e-15 4.12744906758 0.029705574528 1.26731220876 0.169407766105 1.00538430662 0.0169038970669 -0.519598868633 0.448392283168 -1.36538214758 0.480163166682 -0.0007359763018273992 -0.00010531293457642966 0.008171714983740907 -0.0003509392252673164 -0.0017620384757212801 0.0002216621460114265 -443.686234233 24.3669904885 0.280122371089 444.354929242 24.465585878 25.9932645557 24.9851928615 333.73117189024794 2.7179673046604463e-14
1e-17 4.12427308838 0.066007877559 1.20673627027 0.0411091840277 1.00532747721 0.00436201628272 -0.506652127748 0.244240878826 -1.39294887985 0.237779031353 -3.401710600539211e-05 -8.531217459898735e-05 0.000647239539561251 -2.7299197700353068e-05 -0.00011918305654047474 -0.004599095363237203 -443.815498467 24.3920764424 0.214970716728 444.485338662 26.7425461741 26.6518394527 26.7123448238 519.9867427803485 2.2125375586944408e-14
