1e-18 3.73337387469 0.190946737513 1.15659972448 0.0692114724992 1.00324422252 0.00705152133992 -0.857708827341 0.622464949853 -1.21103043917 0.621929968786 -2.2184732815432003e-05 1.1817092857412218e-05 -0.0006646618157325624 6.470449382990225e-05 -0.0004272337014006122 -0.020578733779948188 -444.513206262 19.2315026446 0.877780941667 444.929895303 28.0913543761 24.6495688906 26.9928980034 4683.194833297415 2.90537632692384e-14
1.778e-18 3.75258813087 0.147308848916 1.16963163848 0.0591005722802 1.00338315925 0.00588343528457 -0.858594669693 0.483468537006 -1.38252725579 0.483346074746 -2.518086633359304e-05 -4.173445577831621e-05 0.00031967674568866264 3.554826181966331e-05 -0.0002642222369853449 -0.01249377535175284 -444.217637918 20.6165713352 0.876024113449 444.696660961 27.9185108056 24.3017599537 26.7672811971 4091.634380831213 2.957960683881919e-14
3.16e-18 3.77234103501 0.115089143343 1.1863425397 0.0532626382412 1.00328357449 0.00516523929471 -0.868449833503 0.383145764725 -1.47939724008 0.38373579375 -2.8312320011416715e-05 -4.419043852052697e-05 0.0006960826921333518 2.449669084925135e-05 -0.0001892925961698462 -0.007485430008937163 -443.899243673 21.4362784601 0.800413958281 444.417251275 27.715890561 23.8312127182 26.4843845741 3476.359656021848 3.0371398567596726e-14
5.62e-18 3.79052397915 0.0913008020754 1.20654652791 0.0508863000936 1.00285145584 0.00480444507786 -0.883113594745 0.312840710412 -1.53428646163 0.314471731544 -3.244120294060382e-05 -2.8302870228982673e-05 0.0008849198551358546 2.1397666334431295e-05 -0.0001556489166567638 -0.004413709153392784 -443.565279832 21.9496392706 0.683983108104 444.108558766 27.5043191015 23.2783434057 26.1715902598 2898.0364118946795 3.1409034554828707e-14
1e-17 3.80392198729 0.0738891116423 1.22756373462 0.0514607015897 1.00203426169 0.00473953321533 -0.89821227856 0.266896651851 -1.56375480536 0.269998635672 -3.817204368124129e-05 -7.476621202921844e-06 0.0010490326086880027 2.2415328722345864e-05 -0.00014596034663923307 -0.0024872206873166706 -443.256011093 22.2843562501 0.560907466727 443.816176498 27.3261157561 22.7292334713 25.8846882591 2449.641381581078 3.2483557887029193e-14
1.778e-17 3.81162414775 0.0614587004841 1.24542058963 0.0548550641 1.00101619593 0.00494697809242 -0.91047145247 0.242059188594 -1.5784579716 0.24714283547 -4.669114789808291e-05 1.2321298600033296e-05 0.0012797249221327422 2.6330292298741655e-05 -0.0001557496680483561 -0.0011922234460091195 -443.013071186 22.503218779 0.45711033384 443.584473406 27.2185202149 22.2735576641 25.6762345136 2165.439578935363 3.334083447136679e-14
3.16e-17 3.81527258344 0.0529130147715 1.25783784376 0.0614408404558 1.00006721848 0.00545306552967 -0.918968482276 0.236825421711 -1.58606528591 0.244463437196 -6.08448356714256e-05 2.8442431051069103e-05 0.0016651492197187821 3.3673474403013754e-05 -0.00018855098568310938 -0.00016890895762496614 -442.847624593 22.6428204685 0.379362745185 443.426273288 27.1925100005 21.945865677 25.5635562248 2008.7320786895034 3.389025387373422e-14
5.62e-17 3.81683239432 0.0472952389468 1.26496929436 0.0720534605744 0.999319992818 0.00632920014988 -0.924318048619 0.251368172958 -1.59172003482 0.262205456027 -8.602393572148733e-05 3.7683446965479e-05 0.002330726695931093 4.677880543473243e-05 -0.00025665531601158984 0.0008939275988927187 -442.744906634 22.7296197036 0.321238651843 443.328085233 27.2431970648 21.7263560137 25.5370196529 1926.957337047761 3.4187058131016824e-14
1e-16 3.81747741551 0.0437666111333 1.26817024939 0.0878694462692 0.998736528997 0.0076756237028 -0.927392867091 0.287534307818 -1.59754810507 0.302268889003 -0.00013186829885089064 3.206699290798628e-05 0.0034781703309904456 7.037022680669188e-05 -0.00038608049201592655 0.0023516771970429427 -442.684095917 22.783256613 0.273263554289 443.27007595 27.3617699185 21.5782579057 25.5796411259 1884.1232745632535 3.4318191608217554e-14
1.778e-16 3.81773475542 0.0416342229288 1.26885072822 0.110357074072 0.998266392235 0.00961874452138 -0.928784726865 0.348788921916 -1.60454190995 0.368103505122 -0.0002154418232362461 5.309877268864647e-07 0.005433780127667387 0.00011360260492330807 -0.0006264605121106037 0.004735172989597568 -442.648912529 22.8169974717 0.230078618797 443.236650191 27.5298682398 21.4728924723 25.6701668722 1861.1732700859175 3.436584359951257e-14
3.16e-16 3.81782346141 0.0403776029646 1.26823407689 0.141515884407 0.997892394764 0.0123310909771 -0.928948708414 0.440528435913 -1.6125007244 0.465119870261 -0.00036711696564384506 -6.453948878530149e-05 0.008756550988817205 0.000193944582119385 -0.0010691085033124798 0.008966385625124156 -442.628709068 22.8387927387 0.191589002967 443.217577778 27.7146431979 21.3949184038 25.7807772619 1848.633579127881 3.4392083895200563e-14
5.62e-16 3.81784015613 0.0396486386728 1.26727227239 0.184165026763 0.997600726032 0.0160527279334 -0.928385646843 0.570521016706 -1.61983842158 0.601382666784 -0.0006409791796560196 -0.0001673639198646739 0.0144687782979065 0.0003428338139419658 -0.0018771743633138821 0.016680560364917846 -442.61713163 22.8529325287 0.160269209588 443.206732151 27.880212908 21.3383022705 25.8839441055 1841.7397687577222 3.4421562227275727e-14
1e-15 3.81783131412 0.0392309102058 1.26638147534 0.242007973462 0.997409026283 0.0211070951623 -0.927710102698 0.74931187282 -1.62600189036 0.788148274297 -0.0011317027647283985 -0.0003193291327509374 0.024425405202191358 0.0006150250799973996 -0.003335708005743499 0.030704500006369637 -442.610547995 22.8618417359 0.13717947585 443.200609005 28.0058796987 21.2997159528 25.9636700992 1837.967918753635 3.445664413786466e-14
1e-17 3.80392198729 0.0738891116423 1.22756373462 0.0514607015897 1.00203426169 0.00473953321533 -0.89821227856 0.266896651851 -1.56375480536 0.269998635672 -3.817204368124129e-05 -7.476621202921844e-06 0.0010490326086880027 2.2415328722345864e-05 -0.00014596034663923307 -0.0024872206873166706 -443.256011093 22.2843562501 0.560907466727 443.816176498 27.3261157561 22.7292334713 25.8846882591 2449.641381581078 3.2483557887029193e-14
