1e-20 9.61675033872 0.309226532502 0.69 -376.38622181 22.2569598955 10.2519553775 377.183062744 17.8783532292 21.1515073403 19.0320544621 4986.14800653313 2.0487050305229825e-13
5e-20 9.59228705187 0.308399977939 0.69 -376.334616694 22.2857764591 10.247711818 377.13315308 17.8703334281 21.1111034065 19.0120691554 4887.584842785524 2.051760898476371e-13
1e-19 9.56280409789 0.307375631074 0.69 -376.273105544 22.320277564 10.2424401563 377.073669627 17.8606606263 21.0616693032 18.9877180466 4771.181123940539 2.0558037279512451e-13
5e-19 9.36285003532 0.299520906234 0.69 -375.874780504 22.5497420837 10.2014426803 376.688745411 17.7943979601 20.7025568178 18.8137986269 4044.4992218570205 2.09356276884647e-13
1e-18 9.17694265763 0.290495983892 0.69 -375.531995871 22.7620172072 10.1527412381 376.358163861 17.7304484967 20.3233035861 18.6348622787 3451.504734114928 2.1451591360162276e-13
2.5e-18 8.84005367278 0.26777676602 0.69 -374.965281012 23.1923833014 10.0199068781 375.815442925 17.5988500849 19.4724819364 18.2447855691 2504.9193492816626 2.286231554764609e-13
5e-18 8.58104089029 0.239954445512 0.69 -374.551661215 23.6904889219 9.82983145977 375.428837159 17.4552216159 18.5794575384 17.8378414776 1794.226856410313 2.4617593454337987e-13
7.5e-18 8.45845786544 0.219786461045 0.69 -374.346945505 24.099136934 9.6650338892 375.246341608 17.3413555766 18.026853461 17.5728262968 1418.2310006921134 2.588940617173986e-13
1e-17 8.39025029722 0.204293144285 0.69 -374.223020169 24.4640634564 9.51621014196 375.142529555 17.2362911753 17.6587518911 17.3782525523 1178.2332297761034 2.6868737756509146e-13
2.5e-17 8.27349400385 0.153368848676 0.69 -373.942370181 26.1682397317 8.78052107722 374.959691884 16.6146252418 16.8095498344 16.6798532116 570.9903216418834 3.018920197592518e-13
5e-17 8.2601725947 0.118079379628 0.69 -373.796437801 28.0455367823 7.84818398659 374.929224038 15.5488731037 16.5564735353 15.8918398926 264.6319075336501 3.2698785496497803e-13
7.5e-17 8.26574725438 0.100018066293 0.69 -373.738172412 28.9218152954 7.39240413462 374.92844725 14.9054355328 16.4948408142 15.453411601 185.32822509221535 3.3618201788786984e-13
1e-16 8.26799984081 0.088606749106 0.69 -373.716430716 29.2514527895 7.2414490394 374.929402237 14.6484249953 16.4529387731 15.2736363707 163.46154812330897 3.3961515773182874e-13
5e-16 8.26834265306 0.0472329363309 0.69 -373.680874087 29.8251997595 7.16607460897 374.937715926 14.1358606646 16.3394814049 14.9066401987 138.20859387866224 3.4902258130815244e-13
1e-15 8.2680181886 0.0385221609715 0.69 -373.677432812 29.8847241749 7.20715016 374.939813231 14.0001507718 16.3365506773 14.819934 136.75704438170484 3.5293343379565667e-13
5e-15 8.26778789239 0.0296078822058 0.69 -373.675871705 29.9113421109 7.27355777023 374.941662294 13.7233580419 16.3598702729 14.6549930881 136.10787336760512 3.6361624807323486e-13
1e-14 8.26777124618 0.0282795706109 0.69 -373.675974848 29.9094068025 7.28762741214 374.941883907 13.6499576425 16.3686176162 14.6124870111 136.1538846714564 3.671219863453595e-13
1e-17 8.39025029722 0.204293144285 0.69 -374.223020169 24.4640634564 9.51621014196 375.142529555 17.2362911753 17.6587518911 17.3782525523 1178.2332297761034 2.6868737756509146e-13
