1e-20 3.80501418544 2.13874501661 0.962544754969 0.541690015877 -416.857102094 22.271802745 2.98367899232 417.462308603 26.6435626396 24.1260405363 25.8316646271 0.00170534045754
5e-20 3.80748319705 0.958993019502 0.961416519348 0.243657384347 -416.819442296 22.2957810415 2.98436775701 417.425988385 26.6254538998 24.1050081493 25.8126649058 0.00845588762036
1e-19 3.81048689525 0.680305139669 0.960036197779 0.173528721024 -416.77378663 22.3251090014 2.98501226866 417.381971355 26.6030738302 24.0791199727 25.7892166941 0.0167379771622
2.5e-19 3.81899187262 0.434307403631 0.956080113703 0.11207147031 -416.645531091 22.409149447 2.98565394472 417.258412362 26.5375756202 24.0040137061 25.7207990648 0.0405926356814
5e-18 3.94140267401 0.115928279265 0.887585218994 0.0388926656476 -415.059134302 24.0255671044 2.65806999182 415.762405923 25.1628337933 22.6877876759 24.3657691488 0.407665132911
7.5e-18 3.96905489715 0.0999327390881 0.866818000853 0.0367387970757 -414.781031848 24.6628953171 2.43119839461 415.520725731 24.6874495655 22.3812944736 23.9434241105 0.478471042842
1e-17 3.98873362234 0.090327053206 0.849733633361 0.0357826050397 -414.602473118 25.2554426238 2.2124197792 415.376868517 24.2823298513 22.1884648256 23.6050210572 0.52065010715
2.5e-17 4.04598571312 0.0664665029301 0.780606143346 0.0348195689978 -414.163205126 28.094209836 1.22560884087 415.116787451 22.5013291469 21.9032404327 22.3037483263 0.590511530763
5e-17 4.07244517778 0.0531212403669 0.727580635989 0.0356822636669 -413.965567609 30.5595973284 0.418974470503 415.092225528 20.8707211063 22.0371428487 21.2666379095 0.665385734046
7.5e-17 4.07955197274 0.0469572507811 0.706181075206 0.0372872926643 -413.901145429 31.6261359434 -0.00984859032705 415.107661648 20.105169171 22.1548918684 20.8108536465 0.799063737601
1e-16 4.08237078873 0.0433141485982 0.694927081539 0.0390601632142 -413.872043693 32.1908937458 -0.299035688605 415.122164685 19.6823073428 22.2335097738 20.567898949 0.953889648602
5e-16 4.08677527764 0.0318644013512 0.659192894828 0.0616930531843 -413.818147193 33.6656278609 -1.56669534302 415.188256072 18.4389923418 22.541410408 19.900653761 3.59149359322
1e-15 4.08697678708 0.0299610079514 0.651732645211 0.0814330739271 -413.813858403 33.8717720447 -1.854912645 415.201935266 18.2199735984 22.608183301 19.791116088 6.87541771251
5e-15 4.08701714004 0.0283015789294 0.644463932404 0.170746604207 -413.811016633 34.0428336373 -2.12820721277 415.214403983 18.0178569132 22.672155686 19.6919017106 33.0871177433
1e-14 4.08701226103 0.0280840094619 0.643449995888 0.239365574135 -413.810701121 34.0646658879 -2.16555274932 415.216073199 17.9904061308 22.6809833553 19.6785537364 65.8428406568
1e-17 3.98873362234 0.090327053206 0.849733633361 0.0357826050397 -414.602473118 25.2554426238 2.2124197792 415.376868517 24.2823298513 22.1884648256 23.6050210572 0.52065010715
