1e-18 3.35802088395 0.0781846885657 1.05173366789 0.0343219612525 0.997929489582 0.00534175237125 -0.236639196494 0.427235402277 -1.79299721655 0.416306879805 -1.609444482856858e-05 0.00010038089162824662 0.000851597383637758 -7.44674872360564e-05 -0.0001132824555545557 -0.01662752662532922 -561.231942355 37.7118521524 7.27773150219 562.544613598 39.471857845 44.8218594098 41.3322077982 1185.3368777786284 5.029639608561294e-15
1.778e-18 3.35950335849 0.0625907222709 1.05519562187 0.0323690012644 0.997666481606 0.00486731771744 -0.267012196974 0.347917267991 -1.65253292395 0.339411854817 -1.8014820335280364e-05 8.199620563170672e-05 0.000765650578046976 -4.64251574443041e-05 -0.00010070979941264509 -0.01033357243213162 -561.16255629 36.3940447502 6.95220698349 562.384454139 39.4171393066 44.4246603315 41.1540690082 1150.0299688000441 5.043027138789524e-15
3.16e-18 3.36015468953 0.051711788413 1.05872511706 0.0326842952863 0.997454995232 0.00476579059934 -0.286474342229 0.296288004603 -1.57900380233 0.289669759597 -2.1686891777510346e-05 7.693010731201713e-05 0.0008225846482449059 -3.3088472865273236e-05 -9.618082800864862e-05 -0.0066552945855497874 -561.03717601 35.7351395163 6.73457888516 562.214432058 39.3440324077 44.0306903135 40.9658697848 1120.2014003636277 5.064492492434748e-15
5.62e-18 3.36032021424 0.044363750898 1.06197491007 0.0352954161685 0.997300936471 0.0050266606019 -0.299180508392 0.267711102117 -1.54068892039 0.26260825529 -2.841744516096822e-05 8.607523956254335e-05 0.001004989803847119 -2.7641384134719044e-05 -0.00010475432515375629 -0.0044081682725576965 -560.905628571 35.416197447 6.58732511864 562.061228031 39.2670979794 43.6900717591 40.7947396027 1097.0446436887403 5.092390877194782e-15
1e-17 3.36023277605 0.0395969715289 1.06469538973 0.0404768841008 0.99720986461 0.00567670566898 -0.307278481563 0.259515742775 -1.52035224287 0.255676135812 -4.0699602920602446e-05 0.0001127708503046224 0.0013558135642980323 -2.7524175791437453e-05 -0.0001318723537044937 -0.002852304693257407 -560.797583042 35.2634864988 6.49203547712 561.942692051 39.1918986528 43.4340403861 40.6551583619 1081.0111727850692 5.121339952683642e-15
1.778e-17 3.36007083224 0.0366311617463 1.066932793 0.0486979069149 0.997177945862 0.0067748520626 -0.312174566456 0.270835575828 -1.50867200137 0.268027042115 -6.3260224112513e-05 0.00016580777893633708 0.0019663185491111163 -3.251039558357928e-05 -0.00018878648952567068 -0.0014696179512444076 -560.721380087 35.1873148495 6.43559609318 561.861219617 39.1144742422 43.2638212061 40.5447999783 1070.8247245480609 5.1477805591555616e-15
3.16e-17 3.35992236348 0.0348453802437 1.06892053405 0.0606311685392 0.997200060563 0.00841636221852 -0.314902373986 0.302654831417 -1.50078641557 0.300527053438 -0.00010520592809443058 0.0002629511127180819 0.0029842816735054073 -4.443776472126769e-05 -0.0002987223460050394 0.00020102740023516006 -560.672827297 35.1442945201 6.40723737484 561.8097484 39.0255905908 43.1626280854 40.4516415207 1064.6733884336306 5.172121156456017e-15
5.62e-17 3.35981027707 0.0337950959789 1.07090392439 0.0772136864642 0.997270130268 0.0107421673458 -0.316195315491 0.357941709143 -1.49427288514 0.355880289693 -0.00018409395066958366 0.00043594032499638495 0.0046343788946102355 -6.803864121855269e-05 -0.0005073949127657681 0.0027073716789472266 -560.6441402 35.114641687 6.39855206168 561.779166105 38.9172873374 43.1104608511 40.3634419667 1061.0518259492658 5.196867105064947e-15
1e-16 3.35973055306 0.0331883385401 1.07299507496 0.0997172934374 0.997377440454 0.0139458078387 -0.316544963241 0.441549982536 -1.48815822348 0.438640716224 -0.0003326955205287436 0.000737378518567876 0.007262860074108894 -0.00011295099825938934 -0.0009000447537864858 0.006850235168677342 -560.628384384 35.0901235112 6.40295685437 561.761960265 38.7896306782 43.0904072325 40.2742849792 1058.9469680288537 5.224079871158031e-15
1.778e-16 3.35967405393 0.0328422448947 1.07511273357 0.129883314984 0.997503330782 0.0182854250151 -0.316319264012 0.560353662096 -1.48240450233 0.555493682001 -0.0006095937512090595 0.0012514528772115232 0.0114553795268877 -0.0001972495993485002 -0.0016280286783969607 0.01392623733447221 -560.620429124 35.0684241758 6.41458652164 561.752798699 38.6538866265 43.0890690516 40.1867049923 1057.7325395785786 5.253495287437428e-15
3.16e-16 3.35963388624 0.0326458450843 1.07705340899 0.170243210895 0.997625622342 0.0241237299568 -0.315821424605 0.724378020977 -1.47740160152 0.716416155992 -0.0011182660851170988 0.0021212215361249022 0.018310384517409326 -0.00035367288796794925 -0.002957793575303364 0.026192106770741536 -560.616780339 35.0499305728 6.42832786611 561.748160149 38.5273606381 43.096308289 40.108215383 1057.0343989143125 5.282391967079392e-15
5.62e-16 3.35960594535 0.0325346155671 1.0786315882 0.224371058151 0.997727316214 0.0319650456276 -0.315282355886 0.947939898788 -1.47349198205 0.935702916333 -0.002041677972450647 0.003606238585222251 0.029907691657228612 -0.0006403088621580284 -0.005361098677321478 0.04770240295857407 -560.615277228 35.0354968684 6.44064177499 561.745900714 38.4241147303 43.1055110987 40.0454336668 1056.6350321742634 5.3073301454018065e-15
1e-15 3.35958739339 0.0324718224094 1.0797772355 0.296973627404 0.997801732261 0.0424739131194 -0.314831665411 1.25018617207 -1.47073576161 1.23236183743 -0.0037018607940459787 0.006180826881274672 0.05003798982282628 -0.001158912612863878 -0.009670527590745225 0.08570070065475756 -560.614726046 35.0252727346 6.44997315559 561.74482013 38.3492574967 43.1133783089 40.0003937076 1056.4083865596447 5.326249775005264e-15
1e-17 3.36023277605 0.0395969715289 1.06469538973 0.0404768841008 0.99720986461 0.00567670566898 -0.307278481563 0.259515742775 -1.52035224287 0.255676135812 -4.0699602920602446e-05 0.0001127708503046224 0.0013558135642980323 -2.7524175791437453e-05 -0.0001318723537044937 -0.002852304693257407 -560.797583042 35.2634864988 6.49203547712 561.942692051 39.1918986528 43.4340403861 40.6551583619 1081.0111727850692 5.121339952683642e-15
