1e-18 5.15949548021 0.361936880938 0.959429935216 0.0754997863725 1.01717392506 0.00808988777799 -0.389270143162 0.730388270597 -2.32447386105 0.751037159876 -2.6811733713261098e-05 -0.001359254306044216 -0.0007851752040066185 0.00044099723613501225 8.682400652806857e-05 -0.026565303862322514 -412.487897561 19.449675517 -9.32328308921 413.051424304 23.1538640116 24.2705847406 23.5319932644 27188.154776960244 6.373457640286291e-14
1.778e-18 5.3720658067 0.292941169477 1.02229413729 0.0671432724566 1.01828665813 0.00674096634667 -0.427882927635 0.565746603263 -2.35893820572 0.577601064239 -2.9081872375347336e-05 -0.0010332782160891653 -0.00014055449059570475 0.00026896892930593203 -2.588837986314489e-05 -0.0181797436302523 -412.286303613 19.2235336807 -9.15622542187 412.835774683 22.1841364076 23.868977781 22.7596127429 20212.77268803283 6.581348809861487e-14
3.16e-18 5.61405287519 0.238447345493 1.10393987371 0.0627849402413 1.01999393209 0.00590268056856 -0.481891479039 0.442196533859 -2.40326160035 0.449209492418 -3.4726271618075944e-05 -0.0006989740416643546 0.00015679280240325422 0.00016765290088624547 -8.402370595768031e-05 -0.012422933238721385 -412.043150442 18.9007646122 -8.98908249648 412.574357338 20.9396580882 23.3341789358 21.7671194565 12864.145457189901 7.179275012835642e-14
5.62e-18 5.8164076367 0.192171501948 1.18837221557 0.061135165066 1.02142714029 0.00544730165864 -0.546310280391 0.348469602399 -2.44174315248 0.355470625021 -4.335331579452511e-05 -0.0003468494006123962 0.0002799022554406537 0.00010824294275926948 -0.00010434534854613093 -0.008098353795521738 -411.813228696 18.5796292319 -8.87780857412 412.327725768 19.6306825691 22.8434178681 20.7569196186 7192.821798817793 8.245195032316015e-14
1e-17 5.9397390782 0.152584310663 1.25890332874 0.0613709174509 1.02121572422 0.00524915062696 -0.610804824242 0.276825029315 -2.45878686497 0.288572353541 -5.168527747952469e-05 -1.635277820100706e-05 0.00033919231059097496 7.336893416667817e-05 -0.00010225658210760175 -0.004958015894003562 -411.63675131 18.3404314089 -8.84735421275 412.140100123 18.4938141799 22.546096507 19.9363051872 3881.6023075615276 9.471493544710337e-14
1.778e-17 5.99855736323 0.120083256785 1.30988001455 0.0628979364188 1.01904505634 0.00518304418982 -0.665376252405 0.222803325468 -2.45362860113 0.24290798536 -5.632608965916659e-05 0.00025142042340428665 0.0003805993430890302 5.1410945871755355e-05 -9.32315530811164e-05 -0.0028870846335224344 -411.515998833 18.1866241414 -8.8644832139 412.013045492 17.6333864214 22.4460671883 19.3709280933 2244.497157096187 1.0478458065520003e-13
3.16e-17 6.02164924022 0.0946163916382 1.34114008475 0.0653750396864 1.01636651407 0.00519120791674 -0.706062331661 0.183971544457 -2.43884088431 0.21513009659 -5.7975013703324885e-05 0.00044964212118470375 0.0004310349574475525 3.607202874996007e-05 -8.732021456960454e-05 -0.0016157576077431824 -411.440337452 18.1147774159 -8.89188516238 411.934900275 17.0482819803 22.5472155667 19.0583731972 1503.812796023678 1.1186188749477844e-13
5.62e-17 6.02965309194 0.0754952156382 1.35731604782 0.0691405487626 1.0145125407 0.0053325735158 -0.734334901443 0.158630210174 -2.42467831437 0.203198565661 -6.115942683872074e-05 0.0006050768130703786 0.0005098800989451693 2.588092843318674e-05 -8.799721663067251e-05 -0.0008444018253192736 -411.396138715 18.108953561 -8.91376269157 411.890971392 16.6763107342 22.8007091994 18.9391219385 1172.9696213301754 1.1696051161131364e-13
1e-16 6.03229776172 0.0617240105655 1.36520158693 0.0751144132053 1.01347648207 0.00568665586001 -0.753537954875 0.145461581421 -2.4116226645 0.20572456089 -6.93346800182119e-05 0.0007667611241693999 0.0006369598108554893 2.037779825380581e-05 -9.719100705792396e-05 -0.00033569789899942865 -411.370963833 18.1348602022 -8.92856896899 411.867287343 16.4446030528 23.0945777267 18.9227328849 1016.7920155367976 1.2074027157710028e-13
1.778e-16 6.0331231469 0.0522325793832 1.36912765905 0.084557293416 1.01292569366 0.00633306357889 -0.766206132245 0.143730761892 -2.40007130505 0.222449809096 -8.574373507583874e-05 0.0009955650793502491 0.0008482423478936027 1.8776260422176805e-05 -0.00011857498282922005 7.657299167644914e-05 -411.356703426 18.1664769614 -8.93804828126 411.854643103 16.302281282 23.3455382658 18.943274153 938.6335407796038 1.2344774095415248e-13
3.16e-16 6.03334591645 0.0459679061034 1.37117630615 0.0990685283968 1.01262967861 0.00737512121675 -0.774221428607 0.153479659026 -2.39107314151 0.254927326002 -0.0001159936449924302 0.0013748754290419222 0.0012094414831361176 2.0709525816813726e-05 -0.0001595566443030146 0.0005232041212799144 -411.348625544 18.1922641222 -8.94390325118 411.847840368 16.2165591731 23.5259988559 18.968625016 897.8652490928476 1.252677398125371e-13
5.62e-16 6.03338356673 0.0420017145307 1.37228596817 0.120620454454 1.01246733411 0.00894908064478 -0.779096425728 0.175723774267 -2.38485350473 0.306660748581 -0.0001704634643665931 0.002038190281356285 0.0018401261977853264 2.680076005937387e-05 -0.00023417730838601363 0.001147947281107943 -411.344050389 18.2100168591 -8.94741144828 411.84413153 16.1659784854 23.6431706322 18.9883932822 876.0012443982178 1.2641959792718517e-13
1e-15 6.03337393367 0.0395855580682 1.37289870363 0.151572764081 1.01237719478 0.0112240564522 -0.781970943729 0.212485913608 -2.38090128711 0.382807124729 -0.00026780318120861967 0.0032141771832866536 0.0029538414384794164 3.9084011063003616e-05 -0.00036793733021092754 0.0021588355433989972 -411.34146653 18.2211821132 -8.94946414745 411.842089244 16.1366795903 23.7146752622 19.0014971269 864.0755944623079 1.271155400524895e-13
1e-17 5.9397390782 0.152584310663 1.25890332874 0.0613709174509 1.02121572422 0.00524915062696 -0.610804824242 0.276825029315 -2.45878686497 0.288572353541 -5.168527747952469e-05 -1.635277820100706e-05 0.00033919231059097496 7.336893416667817e-05 -0.00010225658210760175 -0.004958015894003562 -411.63675131 18.3404314089 -8.84735421275 412.140100123 18.4938141799 22.546096507 19.9363051872 3881.6023075615276 9.471493544710337e-14
