1e-18 4.74862922406 0.243818818128 1.17286377441 0.0689584942935 1.00627329436 0.00772833729864 -0.412342368001 0.686830883125 -1.6830896013 0.664692689986 -2.9200077227356466e-05 -0.0005037965785594688 0.0010158779495423095 0.0004429503822436606 -0.00028010608273348436 -0.043290167666347856 -434.634640096 27.195808529 -11.078802528 435.625552784 25.8604561565 26.3157385445 26.0131023421 3435.395857388456 4.4234373445287734e-14
1.778e-18 4.75884922405 0.1885819374 1.17806351924 0.0582502972498 1.00652338762 0.00642762354181 -0.41009642581 0.531888591503 -1.62948107693 0.515527789074 -3.128707818272943e-05 -0.0003324265284694631 0.0007308034367373089 0.0002633584952989253 -0.00022001445393175716 -0.025985117122486433 -434.508388372 26.7643216654 -11.0542260537 435.472231483 25.7930781652 26.018953936 25.8685892309 3215.415986473104 4.4307502561275996e-14
3.16e-18 4.77110696757 0.148417071777 1.1855428347 0.052068624932 1.00684700483 0.00563506548697 -0.406283481803 0.420803107609 -1.60496575646 0.409027920002 -3.466681734102844e-05 -0.00024261799316665518 0.0006691204637325686 0.0001609688166409408 -0.00018479184913736265 -0.01624449479778587 -434.312329513 26.5485964351 -11.0158988967 435.262423795 25.694663812 25.6186674883 25.6693567034 2938.96781818387 4.454566547597316e-14
5.62e-18 4.7837624496 0.119541725546 1.19536187726 0.0497216999286 1.00718218807 0.00526823660365 -0.401332234025 0.343802349488 -1.59595849096 0.335848921174 -4.0288887719874116e-05 -0.00020123424416770716 0.0007077971338107689 0.0001027058663910885 -0.00017246869550401712 -0.010761595851521965 -434.065649456 26.4488321138 -10.9673817067 435.00897947 25.5710182529 25.135582504 25.4267015609 2634.1171347210934 4.504087323795893e-14
1e-17 4.79437791857 0.0991818781679 1.20664354984 0.0508818828309 1.00742881558 0.00528434110859 -0.395998177167 0.294265658709 -1.59410755857 0.289767230814 -4.972570930455804e-05 -0.00019304033990275867 0.0008279034273220544 6.959470313464007e-05 -0.00018183351465416085 -0.007727705871450361 -433.806239856 26.4095339167 -10.9157677635 434.74644473 25.4368955307 24.6323842648 25.1715822774 2350.2288297711584 4.577571031230239e-14
1.778e-17 4.80149736833 0.0852518693448 1.21776566988 0.0555972020079 1.00750800692 0.00567891664389 -0.391226634025 0.26792472164 -1.59389703113 0.266892383343 -6.572880816692782e-05 -0.0002142701443849099 0.0010574399793381645 5.0841448971415265e-05 -0.000216737714255466 -0.006165777573646059 -433.577091893 26.3991301387 -10.8701059861 434.516015689 25.3082414979 24.1878391161 24.940367122 2127.922415546901 4.658460751465875e-14
3.16e-17 4.80544140992 0.0760637387085 1.22728856821 0.0643397874409 1.00743849923 0.00649020231775 -0.387640803957 0.26238525719 -1.59269051185 0.265195224397 -9.336000487154012e-05 -0.000271316354540833 0.0014650104202966591 4.028866154771197e-05 -0.00028902970744774443 -0.005575219742829149 -433.403240684 26.4006280272 -10.8367876726 434.341798774 25.1903796247 23.8515568065 24.7521528583 1976.8271125073907 4.7293294404950765e-14
5.62e-17 4.80737111175 0.0702399580388 1.23477570698 0.0780372722365 1.00729389991 0.00780229658836 -0.385398343531 0.277156710051 -1.58980247637 0.284529847961 -0.00014198330077500246 -0.00038249977275230487 0.0021757539675148667 3.4490020113225555e-05 -0.0004233580586712337 -0.005762144507014688 -433.285681832 26.406278448 -10.8178101876 434.224364401 25.0740865693 23.6289647066 24.6018129933 1883.3985100844122 4.784722936228303e-14
1e-16 4.80826936967 0.0666878876528 1.24072015787 0.0980408888907 1.00712783102 0.00974116233963 -0.384428097683 0.313503044305 -1.58516556991 0.326494572777 -0.00022853570106176537 -0.0005816750275241614 0.003401107586530321 3.156425346618876e-05 -0.000665370306476643 -0.006756414708016956 -433.212139798 26.4134357084 -10.812361615 434.151281027 24.9413955558 23.4994534256 24.4701909531 1828.7566928018002 4.829868013307227e-14
1.778e-16 4.80869139319 0.0645869642622 1.24600043371 0.126146569373 1.00695599383 0.0124748116412 -0.384725334616 0.374182320954 -1.57886259025 0.394273952162 -0.00038324591257793335 -0.0009205562444290264 0.005488432880655351 3.066352615707353e-05 -0.001095755130350165 -0.00877287414722953 -433.16826431 26.4217393948 -10.8187197845 434.108164189 24.7744011805 23.4371561973 24.3368184604 1797.8490048274084 4.874409181394538e-14
3.16e-16 4.80889610958 0.0633659728325 1.25141216647 0.164859874112 1.00677738504 0.0162374808788 -0.386480544538 0.463760270792 -1.57140702365 0.493180634284 -0.0006608840719359491 -0.0014629333059102364 0.009030981918269022 3.201126166539747e-05 -0.001857199138654227 -0.0122112069329911 -433.142694873 26.4313818 -10.8348022005 434.083638259 24.563718775 23.4202418777 24.1885667877 1780.8154781024525 4.9281221852687496e-14
5.62e-16 4.80899359791 0.0626625416026 1.25730615676 0.217664176934 1.0066113036 0.0213579449269 -0.389935112087 0.589247872247 -1.56438152803 0.63148203939 -0.0011608708303139494 -0.0022530770141366546 0.015094849806820998 3.7638790474095686e-05 -0.0032027892094998425 -0.0177218408696753 -433.12797954 26.4421386775 -10.8576955549 434.070182011 24.3162188996 23.4318679127 24.0250524593 1771.7981184001042 4.997306167489705e-14
1e-15 4.80903230157 0.062259682317 1.26359719717 0.289206640838 1.00644694993 0.0282730757278 -0.39505082496 0.760584441832 -1.55870373756 0.820872912377 -0.002062452178222776 -0.0032417346220093165 0.02568346908739561 5.27392364026358e-05 -0.005577879976715945 -0.026439266164636155 -433.119565201 26.4530892103 -10.8833674899 434.063096077 24.0566273309 23.4582110556 23.8588229872 1767.3462628414175 5.079009655979968e-14
1e-17 4.79437791857 0.0991818781679 1.20664354984 0.0508818828309 1.00742881558 0.00528434110859 -0.395998177167 0.294265658709 -1.59410755857 0.289767230814 -4.972570930455804e-05 -0.00019304033990275867 0.0008279034273220544 6.959470313464007e-05 -0.00018183351465416085 -0.007727705871450361 -433.806239856 26.4095339167 -10.9157677635 434.74644473 25.4368955307 24.6323842648 25.1715822774 2350.2288297711584 4.577571031230239e-14
