1e-18 3.9786927133 0.189246367859 1.15454746094 0.0640264894251 1.01215963229 0.00747451528212 -0.276622318892 0.664618297661 -1.56806248103 0.641896589049 -3.4059848849664563e-05 0.00020251183234254065 0.001274499790767631 7.677919231489223e-05 -0.0003388327968146823 -0.042546584798318667 -441.826703104 25.349128123 -0.265999171584 442.553369242 27.3028685984 28.3085182933 27.6421506361 1420.775417262304 2.464510596121823e-14
1.778e-18 3.99697069262 0.144905169751 1.16579332763 0.0541284265152 1.01217251964 0.00615584492287 -0.285219665742 0.507498116682 -1.47135775008 0.49028235554 -3.343855146496931e-05 8.116505687247103e-05 0.0008364696280711948 4.031765401891927e-05 -0.00024419840175430685 -0.02410854493186913 -441.812913046 24.5741351739 -0.281601161147 442.495895521 27.1941105581 27.7477724716 27.3799085415 1178.0079541058387 2.4990146712248026e-14
3.16e-18 4.01538602433 0.111716756444 1.18005380498 0.048007847996 1.01223557485 0.00529431232096 -0.297430077512 0.392476166189 -1.43141796166 0.379588327641 -3.391318861173927e-05 3.472492539526558e-05 0.0007121559979037451 1.9494789406854094e-05 -0.0001843781987839302 -0.013878002078698732 -441.755563181 24.2307888317 -0.314429819365 442.419718813 27.0415130314 27.0707210706 27.0512525485 920.8980383957738 2.564836956217043e-14
5.62e-18 4.03089329368 0.0866966556916 1.19643872475 0.0447409104946 1.01230645143 0.00478082908144 -0.309574487701 0.309419394766 -1.42017140792 0.300021461568 -3.5379262460613824e-05 2.3472749911164797e-05 0.0006859188221252369 8.27887156637777e-06 -0.00015066160498075786 -0.008113430907931842 -441.681248848 24.1038421867 -0.344148292054 442.338602465 26.8598213166 26.3450697061 26.6893405697 685.3809185197963 2.6660996063462497e-14
1e-17 4.0411573095 0.0678190988072 1.21307102733 0.0436373439442 1.01231732476 0.00453436935075 -0.318718685204 0.251254991177 -1.42087665323 0.244724052932 -3.796344825949705e-05 2.717365192006163e-05 0.0006980812610465935 2.3423064995483e-06 -0.00013484396967850855 -0.004843846316024231 -441.610861843 24.0746194812 -0.357461155186 442.266738947 26.6685187336 25.6717736163 26.3404615468 503.5835130175516 2.7891979622609468e-14
1.778e-17 4.04634308611 0.053740070777 1.22792515891 0.0442864056137 1.01224039156 0.00450400903999 -0.324243569258 0.213129798603 -1.4242049758 0.20896833669 -4.209493826191211e-05 3.645199646277863e-05 0.0007374327528620797 -1.01449852000087e-06 -0.00013233849751538872 -0.002989909197026788 -441.556019459 24.0805102994 -0.354649702546 442.212296384 26.4817071124 25.1341037999 26.0402559959 383.40909091263535 2.9089580685463946e-14
3.16e-17 4.04829797141 0.043468972192 1.24005495576 0.0466663113539 1.01209190871 0.00467648027901 -0.327076636927 0.191686305385 -1.42573350027 0.189512536292 -4.888954700534806e-05 4.894518126802905e-05 0.00081222450171715 -3.481189957074325e-06 -0.00014235527606662254 -0.0019434279811407495 -441.518431597 24.0931572958 -0.342069451084 442.175443326 26.2969158925 24.7598239347 25.7947310653 312.01606402361125 3.00721481812128e-14
5.62e-17 4.04877063839 0.0362170361367 1.24974101906 0.0511792123691 1.01190833143 0.00508110657971 -0.328371802078 0.184940281018 -1.4243779322 0.184540864808 -6.0588326057305176e-05 6.654872341211957e-05 0.0009450074181980994 -6.2245090436595915e-06 -0.00016829647842644496 -0.0013629126324046664 -441.494545172 24.1026035917 -0.325028337831 442.152094375 26.0994904315 24.5307096082 25.5872527863 271.89539448419805 3.0807514162847683e-14
1e-16 4.04873847428 0.0313101300473 1.25781569384 0.0585921835892 1.01172269551 0.00578503542226 -0.328773514623 0.192176303349 -1.42100928377 0.193611251494 -8.124935952670738e-05 9.347555229371096e-05 0.001177752023069192 -1.0480980430396923e-05 -0.00021896815658001796 -0.0010655309714849373 -441.47991664 24.1068967839 -0.305618396131 442.137707815 25.876597139 24.4105107515 25.3973069054 249.8624226507648 3.135738907596139e-14
1.778e-16 4.04859328678 0.0281385674501 1.26496080928 0.0699476389907 1.01155531593 0.00688430662629 -0.328513890198 0.213819405379 -1.41733570249 0.217545554114 -0.00011803826192519789 0.00013541833077265793 0.0015870551679312735 -1.8098009361670576e-05 -0.00031130317705271214 -0.0009640383146780276 -441.471047467 24.1069565676 -0.285173199675 442.128841436 25.630715464 24.3625233507 25.2150728362 237.91208011684927 3.1797016413986423e-14
3.16e-16 4.04845105052 0.0261663255836 1.27134937646 0.0865705298714 1.01142291448 0.00850446823366 -0.327675012011 0.251629846988 -1.41505927338 0.258540279176 -0.00018374813661947194 0.0001995723409953694 0.002316628953209626 -3.223723771898824e-05 -0.000476268780578187 -0.0010395994722590311 -441.465636164 24.1045364249 -0.265324309676 442.123293876 25.3826373288 24.3558850329 25.0450639932 231.5296608652661 3.216873849160721e-14
5.62e-16 4.04833571711 0.0249764934046 1.27674017107 0.110152393019 1.01133450991 0.010808667498 -0.326465300946 0.309029736675 -1.41484743936 0.320375861791 -0.0003013129295031262 0.00029691228926620586 0.0036331899639322884 -5.8396634540094285e-05 -0.0007699222342871719 -0.001329610058447448 -441.462322456 24.1012870872 -0.248097940733 442.11979795 25.1614276445 24.3677471287 24.8996785947 228.20737483556687 3.24762369246098e-14
1e-15 4.04824984273 0.0242761940703 1.28089028115 0.142840271045 1.01127649341 0.0140052039584 -0.325202114587 0.391210055527 -1.41587941024 0.408500172933 -0.000511456574621339 0.00044852052058777563 0.006014063240593946 -0.00010611716868334621 -0.0012921676287156578 -0.001933635950377113 -441.460314296 24.0983201335 -0.234855653815 442.117623816 24.9882298457 24.3838102321 24.7883942137 226.52525493647335 3.271005042242459e-14
1e-17 4.0411573095 0.0678190988072 1.21307102733 0.0436373439442 1.01231732476 0.00453436935075 -0.318718685204 0.251254991177 -1.42087665323 0.244724052932 -3.796344825949705e-05 2.717365192006163e-05 0.0006980812610465935 2.3423064995483e-06 -0.00013484396967850855 -0.004843846316024231 -441.610861843 24.0746194812 -0.357461155186 442.266738947 26.6685187336 25.6717736163 26.3404615468 503.5835130175516 2.7891979622609468e-14
