1e-20 8.39049769859 4.33096098518 0.791301269315 0.408299099905 1.61452062871 1.68242658195 -374.354593063 22.1315237041 10.1968250491 375.146825829 14.0716741301 16.6540297181 14.9819973245 1554.8336053546498 2.0745211027987833e-13
5e-20 8.38878730143 1.94489624924 0.791255465035 0.183121433844 1.61466096541 0.754649099043 -374.353601846 22.1414510637 10.1948323433 375.146368338 14.0699578579 16.6517129009 14.9800642053 1551.0289119670508 2.0750314718445198e-13
1e-19 8.38686628578 1.38224338528 0.791178381242 0.129942409164 1.6149148971 0.535615543825 -374.352309325 22.1542769369 10.1923428053 375.145768116 14.0674267743 16.6484690501 14.9772773874 1546.1949086121854 2.0756682333439712e-13
5e-19 8.37271299704 0.641369047319 0.790574841369 0.0597159538118 1.61691224244 0.246577423015 -374.342269131 22.2546326589 10.1725781748 375.14115274 14.0476390311 16.6240079869 14.9558234616 1509.1824749712046 2.0807339754147612e-13
1e-18 8.35735604848 0.471341537453 0.789878040593 0.0436009083654 1.61921454699 0.180404761665 -374.330406573 22.3753076512 10.1482427401 375.135834743 14.0243894776 16.5973175107 14.9313757905 1466.3770432160761 2.086995360767599e-13
2.5e-18 8.32262445844 0.32417061773 0.788075915603 0.030035586764 1.62514530579 0.124959514212 -374.298246899 22.7125598423 10.0775271177 375.122106199 13.9617534778 16.5364868219 14.8696168608 1354.51347837314 2.1053786413393e-13
5e-18 8.28755137891 0.249619171546 0.7857312538 0.0238722245477 1.63282978547 0.100060299196 -374.253162302 23.2051753225 9.96646690463 375.104305651 13.8731433503 16.4748804125 14.7913251316 1205.4939504065571 2.134995146803128e-13
7.5e-18 8.26743344715 0.215112916435 0.783896721239 0.021448161054 1.6388450147 0.090443894027 -374.215438492 23.630326771 9.86275769173 375.090470072 13.7963381819 16.4402192812 14.7304526347 1086.693654551181 2.1636166117148468e-13
1e-17 8.25516994185 0.193581716873 0.782385091595 0.0201449728231 1.64382615919 0.0853829309928 -374.18290381 24.0036649427 9.76541231676 375.079171259 13.7268188443 16.4201774044 14.6796155394 988.5359046614456 2.1913176560753314e-13
2.5e-17 8.23542417114 0.137366784268 0.776711649642 0.0177137901127 1.66304545258 0.0765775331355 -374.049542717 25.5696945356 9.28258016666 375.037379443 13.3895672691 16.4054061768 14.4648813238 633.7614088165369 2.334369832873738e-13
5e-17 8.2393338525 0.104797297482 0.772693215923 0.0170701200582 1.67753995062 0.0748560343418 -373.931835992 26.9704038012 8.73092992798 375.004866351 12.9817944113 16.4544217588 14.2337857191 397.8909735254736 2.487553847143606e-13
7.5e-17 8.24526586935 0.0891040461777 0.771532475346 0.0170317066888 1.68192739757 0.0749692749139 -373.867040352 27.7434424964 8.37217071968 374.988474097 12.6952249635 16.5000538432 14.0782249186 304.912450698358 2.569326098384471e-13
1e-16 8.24962519594 0.0793776993128 0.77164338938 0.0171441839072 1.68141109251 0.075388654309 -373.827379106 28.2171423322 8.13436744837 374.979045314 12.4980820303 16.5332064186 13.9732008186 262.44141432789127 2.6134981160011396e-13
5e-16 8.26296358328 0.0444227637278 0.782864050082 0.0198028168331 1.63211862582 0.0829796975392 -373.726120293 29.4306776437 7.51010118583 374.958370217 12.2374880187 16.5897542716 13.8411484688 204.21579534529707 2.716609585251083e-13
1e-15 8.2651016901 0.0372330913859 0.790682850482 0.0224400122187 1.59738449601 0.0908679620351 -373.71283967 29.5905982664 7.43289411741 374.95618138 12.5000010114 16.5554367394 13.9831152491 198.51845999364681 2.771901342788195e-13
5e-15 8.2678965085 0.0299223922062 0.805542151081 0.036263205552 1.53261067788 0.137015245368 -373.697021175 29.7806250345 7.3263140177 374.953362619 13.2088518181 16.4533934222 14.3719830203 190.17975766286511 2.9932541244268197e-13
1e-14 8.26845291021 0.028820680272 0.808425171668 0.0481261937639 1.52019150413 0.179233409841 -373.693985026 29.8167621381 7.30319719312 374.952757609 13.3767755143 16.4280957774 14.4655749648 188.90074581648338 3.064656177258598e-13
1e-17 8.25516994185 0.193581716873 0.782385091595 0.0201449728231 1.64382615919 0.0853829309928 -374.18290381 24.0036649427 9.76541231676 375.079171259 13.7268188443 16.4201774044 14.6796155394 988.5359046614456 2.1913176560753314e-13
