1e-18 4.01982721226 0.187879359819 1.0945593015 0.0599007737264 1.01036203668 0.00659210316782 -0.461049224764 0.580975785465 -1.25886359005 0.578128411751 -1.6527203381243487e-05 0.00016039712436801944 -0.00048594050896742693 9.771529317313808e-05 -0.00030499411704376774 -0.023326635110476116 -442.566918932 22.3248705425 2.41153079582 443.136201476 29.0970831836 25.8220435494 28.0479258452 6086.051572389249 2.1186440716270773e-14
1.778e-18 4.05570904742 0.147033653448 1.11315082441 0.052024577487 1.01075996006 0.0055492554415 -0.453841641123 0.455844487711 -1.41758187051 0.453143159038 -1.927101162465681e-05 2.4778041620117484e-05 0.00030164367820887896 5.744261438328737e-05 -0.00018727898499578123 -0.014371544100070608 -442.196650196 23.5701938518 2.43182484322 442.831057238 28.9093546163 25.2942536855 27.7566859103 5128.6124792600685 2.2084049416617783e-14
3.16e-18 4.09407404051 0.11666698256 1.13749280743 0.0478452833812 1.01100072256 0.00492066994053 -0.457553559348 0.365786852641 -1.51262075296 0.363322146277 -2.2520640427925997e-05 -2.713630893742293e-05 0.0006435294907712844 3.949428813994944e-05 -0.00013346176573838094 -0.008885465883064075 -441.785627575 24.3301210243 2.35776930526 442.461359439 28.6882912971 24.6032948123 27.3943925571 4104.594538756087 2.3462830107874918e-14
5.62e-18 4.12890687038 0.093791927922 1.16688539211 0.0466546289003 1.01087192404 0.00461897614284 -0.467054670615 0.302666144108 -1.57020856474 0.300580877525 -2.69194048259354e-05 -4.3851430383460645e-05 0.0008435095496053615 3.2566940562743006e-05 -0.00010924037830996542 -0.0054848604380066095 -441.356236597 24.8255493707 2.23689317255 442.059542568 28.4563040149 23.8164570472 26.998432687 3165.6018751839406 2.5255179712828908e-14
1e-17 4.15392620134 0.0765241521231 1.19743571714 0.0479551418268 1.01017397413 0.00458206214936 -0.478077810183 0.261481839948 -1.60244742369 0.259954242661 -3.274126664848301e-05 -4.7865638238497354e-05 0.001023126149659378 3.1998530673612835e-05 -0.00010175623179670738 -0.0033219609945934155 -440.964799557 25.1614822062 2.11197802733 441.687123524 28.2613390983 23.0544216974 26.6390248512 2464.278679166269 2.7081477897669962e-14
1.778e-17 4.16792369093 0.0637846809602 1.22347719121 0.0515780867811 1.00905135245 0.00478245439033 -0.487737893394 0.239790885458 -1.61811342647 0.238937769923 -4.064845902845831e-05 -5.22961761907533e-05 0.0012575925616305468 3.600980835488876e-05 -0.00010754612815727582 -0.001889258187426534 -440.662250369 25.3898171861 2.01091447357 441.397672733 28.1473118665 22.4337855918 26.3806562124 2036.3068826357876 2.8503474122247134e-14
3.16e-17 4.17437377172 0.054781189493 1.24152483078 0.0578589401357 1.00792027887 0.00524605337598 -0.495033801094 0.236878107097 -1.62625566673 0.236644303137 -5.294842045582826e-05 -6.681131412743291e-05 0.00162489087690387 4.4993110083695775e-05 -0.0001289491030463449 -0.0008380169389744244 -440.459324494 25.5424048353 1.93941238238 441.203572401 28.1273120749 21.9952955671 26.2429952317 1808.9024987677956 2.938661411804461e-14
5.62e-17 4.1770996447 0.048739116193 1.25188348765 0.067623273305 1.00701417465 0.00604603541933 -0.500272968328 0.253517329247 -1.63296404952 0.253580301469 -7.444922035344581e-05 -0.00010319304220161723 0.0022333921455219576 6.180825808994125e-05 -0.00017447692375705082 0.00012317047164415765 -440.334469635 25.6438304398 1.8895355452 441.084596799 28.1938628242 21.7067820907 26.2105080113 1693.7265946751913 2.9840756925051214e-14
1e-16 4.17827526685 0.044887687147 1.25660924607 0.0820121967667 1.00633422908 0.00728238828539 -0.504029093013 0.291990068198 -1.64097962442 0.291633281069 -0.00011358705465147473 -0.00018011574785539939 0.0032483572886796 9.270421763866864e-05 -0.00026233383344402783 0.0013058961928907817 -440.26046975 25.7132655315 1.85192840684 441.014606207 28.3324555562 21.5165608457 26.257814496 1634.5423183135156 3.001961929725614e-14
1.778e-16 4.17883063693 0.0425363115609 1.25787387963 0.102437615571 1.00581930989 0.00907717529032 -0.506613528625 0.356047203089 -1.650732624 0.354054393569 -0.00018502267581565422 -0.00032507456299924446 0.0049336771432598545 0.00014954854143713834 -0.00042721883112801747 0.0031456593768350396 -440.216982753 25.7631452851 1.82129132069 440.973977306 28.5163107599 21.385920875 26.3547438512 1603.0197566623685 3.0053673643426556e-14
3.16e-16 4.17911964383 0.0411410743777 1.25744106357 0.13080127167 1.00543877547 0.0115945635358 -0.50819851093 0.451239358662 -1.66120226869 0.445988774948 -0.0003144761966564152 -0.0005785740052985396 0.007755764436489471 0.00025411694921292845 -0.00073197380199457 0.006363042664958972 -440.191328011 25.7996345926 1.79633913404 440.950397704 28.705916347 21.2939674093 26.4669121399 1585.6952161286458 3.0038515161236605e-14
5.62e-16 4.17927766675 0.0403280933493 1.25654206787 0.169742327724 1.00516155271 0.0150606874898 -0.509018187532 0.585496493914 -1.67027522199 0.575213734678 -0.000547577615863167 -0.0010128591645636282 0.012590666503756044 0.00044497348349393834 -0.0012877787512975132 0.012181716240749076 -440.176184067 25.8253929973 1.77747554431 440.936711289 28.8662760983 21.230724679 26.5660652083 1576.0267672398047 3.0019757457509614e-14
1e-15 4.17936469744 0.039860952364 1.25568703483 0.222681379705 1.00498969447 0.0197779582246 -0.509398932369 0.769672013652 -1.67740593802 0.752572561074 -0.0009644270236937369 -0.001761795935109082 0.021030118178582836 0.0007895434762434955 -0.002288659998125961 0.022708222376174814 -440.167344712 25.8424283657 1.76448570154 440.928833107 28.9826146267 21.1895463218 26.6394492844 1570.629114350351 3.001209595432456e-14
1e-17 4.15392620134 0.0765241521231 1.19743571714 0.0479551418268 1.01017397413 0.00458206214936 -0.478077810183 0.261481839948 -1.60244742369 0.259954242661 -3.274126664848301e-05 -4.7865638238497354e-05 0.001023126149659378 3.1998530673612835e-05 -0.00010175623179670738 -0.0033219609945934155 -440.964799557 25.1614822062 2.11197802733 441.687123524 28.2613390983 23.0544216974 26.6390248512 2464.278679166269 2.7081477897669962e-14
